file_name,is_real_vulnerability,correct_cwe,matched_cwe,direct_match,tp,fp,tn,fn,found_cwes
BenchmarkTest00001.java,1,CWE-22,CWE-23,0,1,0,0,0,"CWE-1004,CWE-23"
BenchmarkTest00002.java,1,CWE-22,CWE-23,0,1,0,0,0,"CWE-1004,CWE-23"
BenchmarkTest00003.java,1,CWE-328,,,0,0,0,1,CWE-1004
BenchmarkTest00005.java,1,CWE-327,CWE-327,1,1,0,0,0,"CWE-209,CWE-327"
BenchmarkTest00006.java,1,CWE-78,CWE-78,1,1,0,0,0,CWE-78
BenchmarkTest00007.java,1,CWE-78,CWE-78,1,1,0,0,0,CWE-78
BenchmarkTest00008.java,1,CWE-89,CWE-89,1,1,0,0,0,CWE-89
BenchmarkTest00009.java,0,CWE-328,,,0,0,1,0,
BenchmarkTest00010.java,0,CWE-330,,,0,0,1,0,CWE-798
BenchmarkTest00011.java,1,CWE-22,CWE-23,0,1,0,0,0,CWE-23
BenchmarkTest00012.java,1,CWE-90,CWE-90,1,1,0,0,0,"CWE-79,CWE-90"
BenchmarkTest00013.java,1,CWE-79,CWE-79,1,1,0,0,0,CWE-79
BenchmarkTest00014.java,1,CWE-79,CWE-79,1,1,0,0,0,CWE-79
BenchmarkTest00015.java,1,CWE-78,CWE-78,1,1,0,0,0,CWE-78
BenchmarkTest00016.java,0,CWE-614,,,0,0,1,0,CWE-113
BenchmarkTest00017.java,1,CWE-78,CWE-78,1,1,0,0,0,CWE-78
BenchmarkTest00018.java,1,CWE-89,CWE-89,1,1,0,0,0,CWE-89
BenchmarkTest00019.java,1,CWE-327,CWE-327,1,1,0,0,0,"CWE-209,CWE-327"
BenchmarkTest00020.java,1,CWE-327,CWE-327,1,1,0,0,0,"CWE-209,CWE-327"
BenchmarkTest00021.java,1,CWE-90,CWE-90,1,1,0,0,0,"CWE-79,CWE-90"
BenchmarkTest00022.java,0,CWE-328,,,0,0,1,0,
BenchmarkTest00023.java,1,CWE-330,CWE-330,1,1,0,0,0,"CWE-330,CWE-798"
BenchmarkTest00024.java,1,CWE-89,CWE-89,1,1,0,0,0,CWE-89
BenchmarkTest00025.java,1,CWE-89,CWE-89,1,1,0,0,0,CWE-89
BenchmarkTest00026.java,1,CWE-89,CWE-89,1,1,0,0,0,CWE-89
BenchmarkTest00027.java,1,CWE-89,CWE-89,1,1,0,0,0,CWE-89
BenchmarkTest00028.java,1,CWE-22,CWE-23,0,1,0,0,0,CWE-23
BenchmarkTest00029.java,1,CWE-328,,,0,0,0,1,
BenchmarkTest00030.java,1,CWE-79,CWE-79,1,1,0,0,0,"CWE-134,CWE-79"
BenchmarkTest00032.java,1,CWE-89,CWE-89,1,1,0,0,0,CWE-89
BenchmarkTest00033.java,1,CWE-89,CWE-89,1,1,0,0,0,CWE-89
BenchmarkTest00034.java,1,CWE-89,CWE-89,1,1,0,0,0,CWE-89
BenchmarkTest00035.java,1,CWE-327,CWE-327,1,1,0,0,0,"CWE-209,CWE-327"
BenchmarkTest00036.java,1,CWE-79,CWE-79,1,1,0,0,0,CWE-79
BenchmarkTest00037.java,1,CWE-89,CWE-89,1,1,0,0,0,CWE-89
BenchmarkTest00038.java,1,CWE-89,CWE-89,1,1,0,0,0,CWE-89
BenchmarkTest00039.java,1,CWE-89,CWE-89,1,1,0,0,0,CWE-89
BenchmarkTest00040.java,1,CWE-22,,,0,0,0,1,
BenchmarkTest00041.java,1,CWE-79,,,0,0,0,1,
BenchmarkTest00042.java,0,CWE-330,,,0,0,1,0,CWE-798
BenchmarkTest00043.java,1,CWE-89,,,0,0,0,1,
BenchmarkTest00044.java,1,CWE-90,CWE-90,1,1,0,0,0,"CWE-79,CWE-90"
BenchmarkTest00045.java,1,CWE-22,CWE-23,0,1,0,0,0,CWE-23
BenchmarkTest00046.java,1,CWE-328,CWE-916,0,1,0,0,0,CWE-916
BenchmarkTest00047.java,1,CWE-79,CWE-79,1,1,0,0,0,CWE-79
BenchmarkTest00048.java,1,CWE-79,CWE-79,1,1,0,0,0,CWE-79
BenchmarkTest00049.java,1,CWE-79,CWE-79,1,1,0,0,0,CWE-79
BenchmarkTest00050.java,1,CWE-327,CWE-327,1,1,0,0,0,"CWE-209,CWE-327"
BenchmarkTest00051.java,0,CWE-78,,,0,0,1,0,
BenchmarkTest00052.java,0,CWE-89,,,0,0,1,0,
BenchmarkTest00053.java,1,CWE-327,CWE-327,1,1,0,0,0,"CWE-1004,CWE-209,CWE-327"
BenchmarkTest00054.java,0,CWE-327,,,0,0,1,0,"CWE-1004,CWE-209"
BenchmarkTest00055.java,1,CWE-327,CWE-327,1,1,0,0,0,"CWE-1004,CWE-209,CWE-327"
BenchmarkTest00056.java,1,CWE-327,CWE-327,1,1,0,0,0,"CWE-1004,CWE-209,CWE-327"
BenchmarkTest00057.java,1,CWE-327,CWE-327,1,1,0,0,0,"CWE-1004,CWE-209,CWE-327"
BenchmarkTest00058.java,0,CWE-327,,,0,0,1,0,"CWE-1004,CWE-209"
BenchmarkTest00059.java,0,CWE-327,,,0,0,1,0,"CWE-1004,CWE-209"
BenchmarkTest00060.java,1,CWE-22,CWE-23,0,1,0,0,0,"CWE-1004,CWE-23"
BenchmarkTest00061.java,1,CWE-22,CWE-23,0,1,0,0,0,"CWE-1004,CWE-23"
BenchmarkTest00062.java,1,CWE-22,CWE-23,0,1,0,0,0,"CWE-1004,CWE-23"
BenchmarkTest00063.java,0,CWE-22,,,0,0,1,0,CWE-1004
BenchmarkTest00064.java,0,CWE-22,,,0,0,1,0,CWE-1004
BenchmarkTest00065.java,1,CWE-22,CWE-23,0,1,0,0,0,"CWE-1004,CWE-23"
BenchmarkTest00066.java,1,CWE-330,CWE-330,1,1,0,0,0,"CWE-1004,CWE-330,CWE-798"
BenchmarkTest00067.java,1,CWE-330,CWE-330,1,1,0,0,0,"CWE-1004,CWE-330,CWE-798"
BenchmarkTest00068.java,1,CWE-330,CWE-330,1,1,0,0,0,"CWE-1004,CWE-330,CWE-798"
BenchmarkTest00069.java,0,CWE-328,,,0,0,1,0,CWE-1004
BenchmarkTest00070.java,1,CWE-328,CWE-916,0,1,0,0,0,"CWE-1004,CWE-916"
BenchmarkTest00071.java,1,CWE-328,CWE-916,0,1,0,0,0,"CWE-1004,CWE-916"
BenchmarkTest00072.java,0,CWE-328,,,0,0,1,0,CWE-1004
BenchmarkTest00073.java,1,CWE-328,CWE-916,0,1,0,0,0,"CWE-1004,CWE-916"
BenchmarkTest00074.java,1,CWE-328,,,0,0,0,1,CWE-1004
BenchmarkTest00075.java,0,CWE-328,,,0,0,1,0,CWE-1004
BenchmarkTest00076.java,0,CWE-328,,,0,0,1,0,CWE-1004
BenchmarkTest00077.java,1,CWE-78,CWE-78,1,1,0,0,0,"CWE-1004,CWE-78"
BenchmarkTest00078.java,1,CWE-330,CWE-330,1,1,0,0,0,"CWE-1004,CWE-330,CWE-798"
BenchmarkTest00079.java,1,CWE-330,CWE-330,1,1,0,0,0,"CWE-1004,CWE-330,CWE-798"
BenchmarkTest00080.java,1,CWE-330,CWE-330,1,1,0,0,0,"CWE-1004,CWE-330,CWE-798"
BenchmarkTest00081.java,1,CWE-330,CWE-330,1,1,0,0,0,"CWE-1004,CWE-330,CWE-798"
BenchmarkTest00082.java,1,CWE-330,CWE-330,1,1,0,0,0,"CWE-1004,CWE-330,CWE-798"
BenchmarkTest00083.java,1,CWE-330,CWE-330,1,1,0,0,0,"CWE-1004,CWE-330,CWE-798"
BenchmarkTest00084.java,1,CWE-330,CWE-330,1,1,0,0,0,"CWE-1004,CWE-330,CWE-798"
BenchmarkTest00085.java,1,CWE-330,CWE-330,1,1,0,0,0,"CWE-1004,CWE-330,CWE-798"
BenchmarkTest00086.java,1,CWE-330,CWE-330,1,1,0,0,0,"CWE-1004,CWE-330,CWE-798"
BenchmarkTest00087.java,1,CWE-614,CWE-614,1,1,0,0,0,"CWE-1004,CWE-113,CWE-614"
BenchmarkTest00088.java,0,CWE-614,,,0,0,1,0,"CWE-1004,CWE-113"
BenchmarkTest00089.java,0,CWE-614,,,0,0,1,0,"CWE-1004,CWE-113"
BenchmarkTest00090.java,0,CWE-78,,,0,0,1,0,CWE-1004
BenchmarkTest00091.java,1,CWE-78,CWE-78,1,1,0,0,0,"CWE-1004,CWE-78"
BenchmarkTest00092.java,1,CWE-78,CWE-78,1,1,0,0,0,"CWE-1004,CWE-78"
BenchmarkTest00093.java,0,CWE-78,CWE-78,1,0,1,0,0,"CWE-1004,CWE-78"
BenchmarkTest00094.java,0,CWE-330,,,0,0,1,0,"CWE-1004,CWE-798"
BenchmarkTest00095.java,0,CWE-330,,,0,0,1,0,"CWE-1004,CWE-798"
BenchmarkTest00096.java,0,CWE-330,,,0,0,1,0,"CWE-1004,CWE-798"
BenchmarkTest00100.java,1,CWE-89,CWE-89,1,1,0,0,0,"CWE-1004,CWE-89"
BenchmarkTest00101.java,1,CWE-89,CWE-89,1,1,0,0,0,"CWE-1004,CWE-89"
BenchmarkTest00102.java,1,CWE-89,CWE-89,1,1,0,0,0,"CWE-1004,CWE-89"
BenchmarkTest00103.java,1,CWE-89,CWE-89,1,1,0,0,0,"CWE-1004,CWE-89"
BenchmarkTest00104.java,0,CWE-89,,,0,0,1,0,CWE-1004
BenchmarkTest00105.java,0,CWE-89,,,0,0,1,0,CWE-1004
BenchmarkTest00106.java,1,CWE-89,CWE-89,1,1,0,0,0,"CWE-1004,CWE-89"
BenchmarkTest00107.java,0,CWE-89,,,0,0,1,0,CWE-1004
BenchmarkTest00108.java,1,CWE-89,CWE-89,1,1,0,0,0,"CWE-1004,CWE-89"
BenchmarkTest00109.java,1,CWE-89,CWE-89,1,1,0,0,0,"CWE-1004,CWE-89"
BenchmarkTest00110.java,0,CWE-89,,,0,0,1,0,CWE-1004
BenchmarkTest00111.java,1,CWE-89,CWE-89,1,1,0,0,0,"CWE-1004,CWE-89"
BenchmarkTest00112.java,1,CWE-89,CWE-89,1,1,0,0,0,"CWE-1004,CWE-89"
BenchmarkTest00113.java,0,CWE-89,CWE-89,1,0,1,0,0,"CWE-1004,CWE-89"
BenchmarkTest00114.java,0,CWE-89,,,0,0,1,0,CWE-1004
BenchmarkTest00115.java,1,CWE-89,CWE-89,1,1,0,0,0,"CWE-1004,CWE-89"
BenchmarkTest00116.java,0,CWE-643,CWE-643,1,0,1,0,0,"CWE-1004,CWE-643,CWE-79"
BenchmarkTest00117.java,0,CWE-643,,,0,0,1,0,CWE-1004
BenchmarkTest00118.java,0,CWE-643,,,0,0,1,0,CWE-1004
BenchmarkTest00119.java,1,CWE-327,CWE-327,1,1,0,0,0,"CWE-209,CWE-327"
BenchmarkTest00120.java,1,CWE-327,CWE-327,1,1,0,0,0,"CWE-209,CWE-327"
BenchmarkTest00121.java,0,CWE-327,,,0,0,1,0,CWE-209
BenchmarkTest00122.java,0,CWE-327,,,0,0,1,0,CWE-209
BenchmarkTest00123.java,1,CWE-327,CWE-327,1,1,0,0,0,"CWE-209,CWE-327"
BenchmarkTest00124.java,1,CWE-327,CWE-327,1,1,0,0,0,"CWE-209,CWE-327"
BenchmarkTest00125.java,1,CWE-327,CWE-327,1,1,0,0,0,"CWE-209,CWE-327"
BenchmarkTest00126.java,0,CWE-327,,,0,0,1,0,CWE-209
BenchmarkTest00127.java,0,CWE-327,,,0,0,1,0,CWE-209
BenchmarkTest00128.java,0,CWE-327,,,0,0,1,0,CWE-209
BenchmarkTest00129.java,0,CWE-327,,,0,0,1,0,CWE-209
BenchmarkTest00130.java,0,CWE-327,,,0,0,1,0,CWE-209
BenchmarkTest00131.java,0,CWE-22,CWE-23,0,0,1,0,0,CWE-23
BenchmarkTest00132.java,0,CWE-22,CWE-23,0,0,1,0,0,CWE-23
BenchmarkTest00133.java,1,CWE-22,CWE-23,0,1,0,0,0,CWE-23
BenchmarkTest00134.java,0,CWE-22,CWE-23,0,0,1,0,0,CWE-23
BenchmarkTest00135.java,0,CWE-22,CWE-23,0,0,1,0,0,CWE-23
BenchmarkTest00136.java,0,CWE-22,CWE-23,0,0,1,0,0,CWE-23
BenchmarkTest00137.java,0,CWE-22,CWE-23,0,0,1,0,0,CWE-23
BenchmarkTest00138.java,0,CWE-90,,,0,0,1,0,
BenchmarkTest00139.java,0,CWE-90,,,0,0,1,0,
BenchmarkTest00140.java,1,CWE-330,CWE-330,1,1,0,0,0,"CWE-330,CWE-798"
BenchmarkTest00141.java,1,CWE-328,CWE-916,0,1,0,0,0,CWE-916
BenchmarkTest00142.java,0,CWE-328,,,0,0,1,0,
BenchmarkTest00143.java,1,CWE-328,,,0,0,0,1,
BenchmarkTest00144.java,1,CWE-79,CWE-79,1,1,0,0,0,CWE-79
BenchmarkTest00145.java,1,CWE-79,CWE-79,1,1,0,0,0,CWE-79
BenchmarkTest00146.java,1,CWE-79,CWE-79,1,1,0,0,0,CWE-79
BenchmarkTest00147.java,0,CWE-79,CWE-79,1,0,1,0,0,CWE-79
BenchmarkTest00148.java,1,CWE-79,CWE-79,1,1,0,0,0,CWE-79
BenchmarkTest00149.java,1,CWE-79,CWE-79,1,1,0,0,0,CWE-79
BenchmarkTest00150.java,1,CWE-79,CWE-79,1,1,0,0,0,CWE-79
BenchmarkTest00151.java,0,CWE-79,CWE-79,1,0,1,0,0,"CWE-134,CWE-79"
BenchmarkTest00152.java,1,CWE-79,CWE-79,1,1,0,0,0,CWE-79
BenchmarkTest00153.java,1,CWE-79,CWE-79,1,1,0,0,0,CWE-79
BenchmarkTest00154.java,1,CWE-79,CWE-79,1,1,0,0,0,CWE-79
BenchmarkTest00155.java,1,CWE-79,CWE-79,1,1,0,0,0,CWE-79
BenchmarkTest00156.java,1,CWE-79,CWE-79,1,1,0,0,0,CWE-79
BenchmarkTest00157.java,1,CWE-79,CWE-79,1,1,0,0,0,CWE-79
BenchmarkTest00158.java,0,CWE-78,,,0,0,1,0,
BenchmarkTest00159.java,1,CWE-78,CWE-78,1,1,0,0,0,CWE-78
BenchmarkTest00160.java,1,CWE-330,CWE-330,1,1,0,0,0,"CWE-330,CWE-798"
BenchmarkTest00161.java,1,CWE-330,CWE-330,1,1,0,0,0,"CWE-330,CWE-798"
BenchmarkTest00162.java,1,CWE-330,CWE-330,1,1,0,0,0,"CWE-330,CWE-798"
BenchmarkTest00163.java,1,CWE-330,CWE-330,1,1,0,0,0,"CWE-330,CWE-798"
BenchmarkTest00164.java,1,CWE-330,CWE-330,1,1,0,0,0,"CWE-330,CWE-798"
BenchmarkTest00165.java,1,CWE-330,CWE-330,1,1,0,0,0,"CWE-330,CWE-798"
BenchmarkTest00166.java,1,CWE-330,CWE-330,1,1,0,0,0,"CWE-330,CWE-798"
BenchmarkTest00167.java,1,CWE-330,CWE-330,1,1,0,0,0,"CWE-330,CWE-798"
BenchmarkTest00168.java,1,CWE-330,CWE-330,1,1,0,0,0,"CWE-330,CWE-798"
BenchmarkTest00169.java,1,CWE-614,CWE-614,1,1,0,0,0,"CWE-113,CWE-614"
BenchmarkTest00170.java,1,CWE-614,CWE-614,1,1,0,0,0,"CWE-113,CWE-614"
BenchmarkTest00171.java,0,CWE-78,CWE-78,1,0,1,0,0,CWE-78
BenchmarkTest00172.java,1,CWE-78,CWE-78,1,1,0,0,0,CWE-78
BenchmarkTest00173.java,1,CWE-78,CWE-78,1,1,0,0,0,CWE-78
BenchmarkTest00174.java,1,CWE-78,CWE-78,1,1,0,0,0,CWE-78
BenchmarkTest00175.java,0,CWE-78,CWE-78,1,0,1,0,0,CWE-78
BenchmarkTest00176.java,1,CWE-78,CWE-78,1,1,0,0,0,CWE-78
BenchmarkTest00177.java,0,CWE-78,,,0,0,1,0,
BenchmarkTest00178.java,0,CWE-330,,,0,0,1,0,CWE-798
BenchmarkTest00179.java,0,CWE-330,,,0,0,1,0,CWE-798
BenchmarkTest00180.java,0,CWE-330,,,0,0,1,0,CWE-798
BenchmarkTest00181.java,0,CWE-330,,,0,0,1,0,CWE-798
BenchmarkTest00182.java,0,CWE-330,,,0,0,1,0,CWE-798
BenchmarkTest00183.java,0,CWE-330,,,0,0,1,0,CWE-798
BenchmarkTest00184.java,0,CWE-330,,,0,0,1,0,CWE-798
BenchmarkTest00185.java,0,CWE-330,,,0,0,1,0,CWE-798
BenchmarkTest00186.java,0,CWE-330,,,0,0,1,0,CWE-798
BenchmarkTest00187.java,0,CWE-330,,,0,0,1,0,CWE-798
BenchmarkTest00188.java,0,CWE-330,,,0,0,1,0,CWE-798
BenchmarkTest00190.java,0,CWE-89,CWE-89,1,0,1,0,0,CWE-89
BenchmarkTest00191.java,0,CWE-89,CWE-89,1,0,1,0,0,CWE-89
BenchmarkTest00192.java,1,CWE-89,CWE-89,1,1,0,0,0,CWE-89
BenchmarkTest00193.java,1,CWE-89,CWE-89,1,1,0,0,0,CWE-89
BenchmarkTest00194.java,1,CWE-89,CWE-89,1,1,0,0,0,CWE-89
BenchmarkTest00195.java,1,CWE-89,CWE-89,1,1,0,0,0,CWE-89
BenchmarkTest00196.java,1,CWE-89,CWE-89,1,1,0,0,0,CWE-89
BenchmarkTest00197.java,0,CWE-89,CWE-89,1,0,1,0,0,CWE-89
BenchmarkTest00198.java,1,CWE-89,CWE-89,1,1,0,0,0,CWE-89
BenchmarkTest00199.java,1,CWE-89,CWE-89,1,1,0,0,0,CWE-89
BenchmarkTest00200.java,0,CWE-89,CWE-89,1,0,1,0,0,CWE-89
BenchmarkTest00201.java,0,CWE-89,,,0,0,1,0,
BenchmarkTest00202.java,0,CWE-89,,,0,0,1,0,
BenchmarkTest00203.java,1,CWE-89,CWE-89,1,1,0,0,0,CWE-89
BenchmarkTest00204.java,1,CWE-89,CWE-89,1,1,0,0,0,CWE-89
BenchmarkTest00205.java,0,CWE-89,CWE-89,1,0,1,0,0,CWE-89
BenchmarkTest00206.java,0,CWE-89,,,0,0,1,0,
BenchmarkTest00207.java,1,CWE-643,CWE-643,1,1,0,0,0,"CWE-643,CWE-79"
BenchmarkTest00208.java,1,CWE-327,CWE-327,1,1,0,0,0,"CWE-209,CWE-327"
BenchmarkTest00209.java,0,CWE-327,,,0,0,1,0,CWE-209
BenchmarkTest00210.java,1,CWE-327,CWE-327,1,1,0,0,0,"CWE-209,CWE-327"
BenchmarkTest00211.java,0,CWE-327,,,0,0,1,0,CWE-209
BenchmarkTest00212.java,0,CWE-327,,,0,0,1,0,CWE-209
BenchmarkTest00213.java,0,CWE-327,,,0,0,1,0,CWE-209
BenchmarkTest00214.java,0,CWE-327,,,0,0,1,0,CWE-209
BenchmarkTest00215.java,1,CWE-22,CWE-23,0,1,0,0,0,CWE-23
BenchmarkTest00216.java,1,CWE-22,CWE-23,0,1,0,0,0,CWE-23
BenchmarkTest00217.java,0,CWE-22,,,0,0,1,0,
BenchmarkTest00218.java,1,CWE-22,CWE-23,0,1,0,0,0,CWE-23
BenchmarkTest00219.java,1,CWE-22,CWE-23,0,1,0,0,0,CWE-23
BenchmarkTest00220.java,0,CWE-22,,,0,0,1,0,
BenchmarkTest00221.java,0,CWE-22,,,0,0,1,0,
BenchmarkTest00222.java,1,CWE-22,CWE-23,0,1,0,0,0,CWE-23
BenchmarkTest00223.java,1,CWE-328,CWE-916,0,1,0,0,0,CWE-916
BenchmarkTest00224.java,0,CWE-328,,,0,0,1,0,
BenchmarkTest00225.java,0,CWE-328,,,0,0,1,0,
BenchmarkTest00226.java,1,CWE-328,,,0,0,0,1,
BenchmarkTest00227.java,1,CWE-328,,,0,0,0,1,
BenchmarkTest00228.java,0,CWE-328,,,0,0,1,0,
BenchmarkTest00229.java,0,CWE-328,,,0,0,1,0,
BenchmarkTest00230.java,1,CWE-330,CWE-330,1,1,0,0,0,"CWE-330,CWE-798"
BenchmarkTest00231.java,1,CWE-330,CWE-330,1,1,0,0,0,"CWE-330,CWE-798"
BenchmarkTest00232.java,1,CWE-330,CWE-330,1,1,0,0,0,"CWE-330,CWE-798"
BenchmarkTest00233.java,1,CWE-330,CWE-330,1,1,0,0,0,"CWE-330,CWE-798"
BenchmarkTest00234.java,1,CWE-330,CWE-330,1,1,0,0,0,"CWE-330,CWE-798"
BenchmarkTest00235.java,1,CWE-330,CWE-330,1,1,0,0,0,"CWE-330,CWE-798"
BenchmarkTest00236.java,1,CWE-330,CWE-330,1,1,0,0,0,"CWE-330,CWE-798"
BenchmarkTest00237.java,1,CWE-330,CWE-330,1,1,0,0,0,"CWE-330,CWE-798"
BenchmarkTest00238.java,1,CWE-330,CWE-330,1,1,0,0,0,"CWE-330,CWE-798"
BenchmarkTest00239.java,1,CWE-330,CWE-330,1,1,0,0,0,"CWE-330,CWE-798"
BenchmarkTest00240.java,1,CWE-330,CWE-330,1,1,0,0,0,"CWE-330,CWE-798"
BenchmarkTest00241.java,1,CWE-614,CWE-614,1,1,0,0,0,"CWE-113,CWE-614"
BenchmarkTest00242.java,0,CWE-614,,,0,0,1,0,CWE-113
BenchmarkTest00243.java,0,CWE-330,,,0,0,1,0,CWE-798
BenchmarkTest00244.java,0,CWE-330,,,0,0,1,0,CWE-798
BenchmarkTest00245.java,0,CWE-330,,,0,0,1,0,CWE-798
BenchmarkTest00246.java,0,CWE-330,,,0,0,1,0,CWE-798
BenchmarkTest00247.java,0,CWE-330,,,0,0,1,0,CWE-798
BenchmarkTest00248.java,0,CWE-330,,,0,0,1,0,CWE-798
BenchmarkTest00249.java,0,CWE-330,,,0,0,1,0,CWE-798
BenchmarkTest00254.java,1,CWE-327,CWE-327,1,1,0,0,0,"CWE-209,CWE-327"
BenchmarkTest00255.java,0,CWE-327,,,0,0,1,0,CWE-209
BenchmarkTest00256.java,1,CWE-327,CWE-327,1,1,0,0,0,"CWE-209,CWE-327"
BenchmarkTest00257.java,1,CWE-327,CWE-327,1,1,0,0,0,"CWE-209,CWE-327"
BenchmarkTest00258.java,1,CWE-327,CWE-327,1,1,0,0,0,"CWE-209,CWE-327"
BenchmarkTest00259.java,0,CWE-327,,,0,0,1,0,CWE-209
BenchmarkTest00260.java,0,CWE-327,,,0,0,1,0,CWE-209
BenchmarkTest00261.java,0,CWE-22,,,0,0,1,0,
BenchmarkTest00262.java,1,CWE-22,CWE-23,0,1,0,0,0,CWE-23
BenchmarkTest00263.java,0,CWE-22,CWE-23,0,0,1,0,0,CWE-23
BenchmarkTest00264.java,1,CWE-22,CWE-23,0,1,0,0,0,CWE-23
BenchmarkTest00265.java,0,CWE-22,CWE-23,0,0,1,0,0,CWE-23
BenchmarkTest00266.java,1,CWE-328,CWE-916,0,1,0,0,0,CWE-916
BenchmarkTest00267.java,1,CWE-328,CWE-916,0,1,0,0,0,CWE-916
BenchmarkTest00268.java,1,CWE-328,CWE-916,0,1,0,0,0,CWE-916
BenchmarkTest00269.java,1,CWE-328,CWE-916,0,1,0,0,0,CWE-916
BenchmarkTest00270.java,0,CWE-328,,,0,0,1,0,
BenchmarkTest00271.java,0,CWE-328,,,0,0,1,0,
BenchmarkTest00272.java,1,CWE-328,CWE-916,0,1,0,0,0,CWE-916
BenchmarkTest00273.java,1,CWE-328,,,0,0,0,1,
BenchmarkTest00274.java,1,CWE-328,,,0,0,0,1,
BenchmarkTest00275.java,0,CWE-79,,,0,0,1,0,
BenchmarkTest00276.java,1,CWE-79,CWE-79,1,1,0,0,0,CWE-79
BenchmarkTest00277.java,0,CWE-79,,,0,0,1,0,
BenchmarkTest00278.java,0,CWE-79,,,0,0,1,0,
BenchmarkTest00279.java,1,CWE-79,CWE-79,1,1,0,0,0,CWE-79
BenchmarkTest00280.java,1,CWE-79,CWE-79,1,1,0,0,0,CWE-79
BenchmarkTest00281.java,0,CWE-79,,,0,0,1,0,
BenchmarkTest00282.java,0,CWE-79,,,0,0,1,0,
BenchmarkTest00283.java,0,CWE-79,,,0,0,1,0,
BenchmarkTest00284.java,1,CWE-79,CWE-79,1,1,0,0,0,CWE-79
BenchmarkTest00285.java,0,CWE-79,,,0,0,1,0,
BenchmarkTest00286.java,0,CWE-79,,,0,0,1,0,
BenchmarkTest00287.java,1,CWE-79,CWE-79,1,1,0,0,0,CWE-79
BenchmarkTest00288.java,0,CWE-79,CWE-79,1,0,1,0,0,CWE-79
BenchmarkTest00289.java,0,CWE-79,,,0,0,1,0,
BenchmarkTest00290.java,1,CWE-79,CWE-79,1,1,0,0,0,CWE-79
BenchmarkTest00291.java,1,CWE-79,CWE-79,1,1,0,0,0,CWE-79
BenchmarkTest00292.java,1,CWE-79,CWE-79,1,1,0,0,0,CWE-79
BenchmarkTest00293.java,1,CWE-78,CWE-78,1,1,0,0,0,CWE-78
BenchmarkTest00294.java,1,CWE-78,CWE-78,1,1,0,0,0,CWE-78
BenchmarkTest00295.java,1,CWE-78,CWE-78,1,1,0,0,0,CWE-78
BenchmarkTest00296.java,1,CWE-330,CWE-330,1,1,0,0,0,"CWE-330,CWE-798"
BenchmarkTest00297.java,1,CWE-330,CWE-330,1,1,0,0,0,"CWE-330,CWE-798"
BenchmarkTest00298.java,1,CWE-330,CWE-330,1,1,0,0,0,"CWE-330,CWE-798"
BenchmarkTest00299.java,1,CWE-330,CWE-330,1,1,0,0,0,"CWE-330,CWE-798"
BenchmarkTest00300.java,1,CWE-614,CWE-614,1,1,0,0,0,"CWE-113,CWE-614"
BenchmarkTest00301.java,1,CWE-79,CWE-79,1,1,0,0,0,CWE-79
BenchmarkTest00302.java,1,CWE-78,CWE-78,1,1,0,0,0,CWE-78
BenchmarkTest00303.java,1,CWE-78,CWE-78,1,1,0,0,0,CWE-78
BenchmarkTest00304.java,1,CWE-78,CWE-78,1,1,0,0,0,CWE-78
BenchmarkTest00305.java,0,CWE-78,,,0,0,1,0,
BenchmarkTest00306.java,1,CWE-78,CWE-78,1,1,0,0,0,CWE-78
BenchmarkTest00307.java,0,CWE-78,CWE-78,1,0,1,0,0,CWE-78
BenchmarkTest00308.java,0,CWE-78,,,0,0,1,0,
BenchmarkTest00309.java,0,CWE-78,CWE-78,1,0,1,0,0,CWE-78
BenchmarkTest00310.java,0,CWE-78,CWE-78,1,0,1,0,0,CWE-78
BenchmarkTest00311.java,1,CWE-78,CWE-78,1,1,0,0,0,CWE-78
BenchmarkTest00312.java,0,CWE-330,,,0,0,1,0,CWE-798
BenchmarkTest00313.java,0,CWE-330,,,0,0,1,0,CWE-798
BenchmarkTest00314.java,0,CWE-330,,,0,0,1,0,CWE-798
BenchmarkTest00315.java,0,CWE-330,,,0,0,1,0,CWE-798
BenchmarkTest00316.java,0,CWE-330,,,0,0,1,0,CWE-798
BenchmarkTest00317.java,0,CWE-330,,,0,0,1,0,CWE-798
BenchmarkTest00318.java,0,CWE-330,,,0,0,1,0,CWE-798
BenchmarkTest00319.java,0,CWE-330,,,0,0,1,0,CWE-798
BenchmarkTest00320.java,0,CWE-330,,,0,0,1,0,CWE-798
BenchmarkTest00328.java,1,CWE-89,CWE-89,1,1,0,0,0,CWE-89
BenchmarkTest00329.java,0,CWE-89,,,0,0,1,0,
BenchmarkTest00330.java,0,CWE-89,,,0,0,1,0,
BenchmarkTest00331.java,0,CWE-89,CWE-89,1,0,1,0,0,CWE-89
BenchmarkTest00332.java,0,CWE-89,,,0,0,1,0,
BenchmarkTest00333.java,0,CWE-89,,,0,0,1,0,
BenchmarkTest00334.java,0,CWE-89,,,0,0,1,0,
BenchmarkTest00335.java,1,CWE-89,CWE-89,1,1,0,0,0,CWE-89
BenchmarkTest00336.java,0,CWE-89,,,0,0,1,0,
BenchmarkTest00337.java,1,CWE-89,CWE-89,1,1,0,0,0,CWE-89
BenchmarkTest00338.java,0,CWE-89,,,0,0,1,0,
BenchmarkTest00339.java,1,CWE-89,CWE-89,1,1,0,0,0,CWE-89
BenchmarkTest00340.java,0,CWE-89,CWE-89,1,0,1,0,0,CWE-89
BenchmarkTest00341.java,1,CWE-89,CWE-89,1,1,0,0,0,CWE-89
BenchmarkTest00342.java,1,CWE-89,CWE-89,1,1,0,0,0,CWE-89
BenchmarkTest00343.java,0,CWE-89,,,0,0,1,0,
BenchmarkTest00344.java,0,CWE-89,,,0,0,1,0,
BenchmarkTest00345.java,0,CWE-327,,,0,0,1,0,CWE-209
BenchmarkTest00346.java,1,CWE-328,CWE-916,0,1,0,0,0,CWE-916
BenchmarkTest00347.java,1,CWE-330,CWE-330,1,1,0,0,0,"CWE-330,CWE-798"
BenchmarkTest00348.java,1,CWE-614,CWE-614,1,1,0,0,0,"CWE-113,CWE-614"
BenchmarkTest00349.java,0,CWE-330,,,0,0,1,0,CWE-798
BenchmarkTest00350.java,0,CWE-327,,,0,0,1,0,CWE-209
BenchmarkTest00351.java,0,CWE-327,,,0,0,1,0,CWE-209
BenchmarkTest00352.java,0,CWE-327,,,0,0,1,0,CWE-209
BenchmarkTest00353.java,0,CWE-327,,,0,0,1,0,CWE-209
BenchmarkTest00354.java,1,CWE-327,CWE-327,1,1,0,0,0,"CWE-209,CWE-327"
BenchmarkTest00355.java,1,CWE-327,CWE-327,1,1,0,0,0,"CWE-209,CWE-327"
BenchmarkTest00356.java,1,CWE-327,CWE-327,1,1,0,0,0,"CWE-209,CWE-327"
BenchmarkTest00357.java,0,CWE-327,,,0,0,1,0,CWE-209
BenchmarkTest00358.java,0,CWE-327,,,0,0,1,0,CWE-209
BenchmarkTest00359.java,1,CWE-22,CWE-23,0,1,0,0,0,CWE-23
BenchmarkTest00360.java,1,CWE-22,CWE-23,0,1,0,0,0,CWE-23
BenchmarkTest00361.java,0,CWE-22,CWE-23,0,0,1,0,0,CWE-23
BenchmarkTest00362.java,1,CWE-22,CWE-23,0,1,0,0,0,CWE-23
BenchmarkTest00363.java,1,CWE-22,CWE-23,0,1,0,0,0,CWE-23
BenchmarkTest00364.java,0,CWE-22,CWE-23,0,0,1,0,0,CWE-23
BenchmarkTest00365.java,0,CWE-22,CWE-23,0,0,1,0,0,CWE-23
BenchmarkTest00366.java,0,CWE-22,CWE-23,0,0,1,0,0,CWE-23
BenchmarkTest00367.java,0,CWE-90,,,0,0,1,0,
BenchmarkTest00368.java,1,CWE-330,CWE-330,1,1,0,0,0,"CWE-330,CWE-798"
BenchmarkTest00369.java,1,CWE-330,CWE-330,1,1,0,0,0,"CWE-330,CWE-798"
BenchmarkTest00370.java,0,CWE-328,,,0,0,1,0,
BenchmarkTest00371.java,1,CWE-328,CWE-916,0,1,0,0,0,CWE-916
BenchmarkTest00372.java,1,CWE-328,CWE-916,0,1,0,0,0,CWE-916
BenchmarkTest00373.java,0,CWE-328,,,0,0,1,0,
BenchmarkTest00374.java,1,CWE-328,,,0,0,0,1,
BenchmarkTest00375.java,1,CWE-79,CWE-79,1,1,0,0,0,CWE-79
BenchmarkTest00376.java,1,CWE-79,CWE-79,1,1,0,0,0,CWE-79
BenchmarkTest00377.java,0,CWE-79,CWE-79,1,0,1,0,0,CWE-79
BenchmarkTest00378.java,1,CWE-79,CWE-79,1,1,0,0,0,CWE-79
BenchmarkTest00379.java,0,CWE-79,,,0,0,1,0,
BenchmarkTest00380.java,1,CWE-79,CWE-79,1,1,0,0,0,CWE-79
BenchmarkTest00381.java,0,CWE-79,,,0,0,1,0,
BenchmarkTest00382.java,1,CWE-79,CWE-79,1,1,0,0,0,CWE-79
BenchmarkTest00383.java,1,CWE-79,CWE-79,1,1,0,0,0,CWE-79
BenchmarkTest00384.java,1,CWE-79,CWE-79,1,1,0,0,0,CWE-79
BenchmarkTest00385.java,1,CWE-79,CWE-79,1,1,0,0,0,CWE-79
BenchmarkTest00386.java,0,CWE-79,CWE-79,1,0,1,0,0,CWE-79
BenchmarkTest00387.java,1,CWE-79,CWE-79,1,1,0,0,0,CWE-79
BenchmarkTest00388.java,1,CWE-79,CWE-79,1,1,0,0,0,CWE-79
BenchmarkTest00389.java,0,CWE-79,,,0,0,1,0,
BenchmarkTest00390.java,1,CWE-79,CWE-79,1,1,0,0,0,CWE-79
BenchmarkTest00391.java,0,CWE-79,,,0,0,1,0,
BenchmarkTest00392.java,1,CWE-79,CWE-79,1,1,0,0,0,CWE-79
BenchmarkTest00393.java,0,CWE-79,,,0,0,1,0,
BenchmarkTest00394.java,0,CWE-79,CWE-79,1,0,1,0,0,CWE-79
BenchmarkTest00395.java,1,CWE-79,CWE-79,1,1,0,0,0,CWE-79
BenchmarkTest00396.java,0,CWE-78,,,0,0,1,0,
BenchmarkTest00397.java,1,CWE-330,CWE-330,1,1,0,0,0,"CWE-330,CWE-798"
BenchmarkTest00398.java,1,CWE-330,CWE-330,1,1,0,0,0,"CWE-330,CWE-798"
BenchmarkTest00399.java,1,CWE-330,CWE-330,1,1,0,0,0,"CWE-330,CWE-798"
BenchmarkTest00400.java,1,CWE-330,CWE-330,1,1,0,0,0,"CWE-330,CWE-798"
BenchmarkTest00401.java,1,CWE-330,CWE-330,1,1,0,0,0,"CWE-330,CWE-798"
BenchmarkTest00402.java,1,CWE-330,CWE-330,1,1,0,0,0,"CWE-330,CWE-798"
BenchmarkTest00403.java,1,CWE-614,CWE-614,1,1,0,0,0,"CWE-113,CWE-614"
BenchmarkTest00404.java,0,CWE-614,,,0,0,1,0,CWE-113
BenchmarkTest00405.java,0,CWE-614,,,0,0,1,0,CWE-113
BenchmarkTest00406.java,0,CWE-78,,,0,0,1,0,
BenchmarkTest00407.java,1,CWE-78,CWE-78,1,1,0,0,0,CWE-78
BenchmarkTest00408.java,0,CWE-78,,,0,0,1,0,
BenchmarkTest00409.java,1,CWE-78,CWE-78,1,1,0,0,0,CWE-78
BenchmarkTest00410.java,0,CWE-78,CWE-78,1,0,1,0,0,CWE-78
BenchmarkTest00411.java,0,CWE-78,,,0,0,1,0,
BenchmarkTest00412.java,0,CWE-78,CWE-78,1,0,1,0,0,CWE-78
BenchmarkTest00413.java,0,CWE-330,,,0,0,1,0,CWE-798
BenchmarkTest00414.java,0,CWE-330,,,0,0,1,0,CWE-798
BenchmarkTest00415.java,0,CWE-330,,,0,0,1,0,CWE-798
BenchmarkTest00416.java,0,CWE-330,,,0,0,1,0,CWE-798
BenchmarkTest00417.java,0,CWE-330,,,0,0,1,0,CWE-798
BenchmarkTest00418.java,0,CWE-330,,,0,0,1,0,CWE-798
BenchmarkTest00419.java,0,CWE-330,,,0,0,1,0,CWE-798
BenchmarkTest00420.java,0,CWE-330,,,0,0,1,0,CWE-798
BenchmarkTest00421.java,0,CWE-330,,,0,0,1,0,CWE-798
BenchmarkTest00422.java,0,CWE-330,,,0,0,1,0,CWE-798
BenchmarkTest00423.java,0,CWE-330,,,0,0,1,0,CWE-798
BenchmarkTest00428.java,1,CWE-89,CWE-89,1,1,0,0,0,CWE-89
BenchmarkTest00429.java,1,CWE-89,CWE-89,1,1,0,0,0,CWE-89
BenchmarkTest00430.java,0,CWE-89,,,0,0,1,0,
BenchmarkTest00431.java,1,CWE-89,CWE-89,1,1,0,0,0,CWE-89
BenchmarkTest00432.java,0,CWE-89,CWE-89,1,0,1,0,0,CWE-89
BenchmarkTest00433.java,1,CWE-89,CWE-89,1,1,0,0,0,CWE-89
BenchmarkTest00434.java,1,CWE-89,CWE-89,1,1,0,0,0,CWE-89
BenchmarkTest00435.java,1,CWE-89,CWE-89,1,1,0,0,0,CWE-89
BenchmarkTest00436.java,0,CWE-89,,,0,0,1,0,
BenchmarkTest00437.java,0,CWE-89,,,0,0,1,0,
BenchmarkTest00438.java,1,CWE-89,CWE-89,1,1,0,0,0,CWE-89
BenchmarkTest00439.java,1,CWE-89,CWE-89,1,1,0,0,0,CWE-89
BenchmarkTest00440.java,0,CWE-89,CWE-89,1,0,1,0,0,CWE-89
BenchmarkTest00441.java,1,CWE-89,CWE-89,1,1,0,0,0,CWE-89
BenchmarkTest00442.java,1,CWE-643,CWE-643,1,1,0,0,0,"CWE-643,CWE-79"
BenchmarkTest00443.java,0,CWE-327,,,0,0,1,0,CWE-209
BenchmarkTest00444.java,0,CWE-327,,,0,0,1,0,CWE-209
BenchmarkTest00445.java,1,CWE-327,CWE-327,1,1,0,0,0,"CWE-209,CWE-327"
BenchmarkTest00446.java,1,CWE-327,CWE-327,1,1,0,0,0,"CWE-209,CWE-327"
BenchmarkTest00447.java,0,CWE-327,,,0,0,1,0,CWE-209
BenchmarkTest00448.java,1,CWE-327,CWE-327,1,1,0,0,0,"CWE-209,CWE-327"
BenchmarkTest00449.java,1,CWE-327,CWE-327,1,1,0,0,0,"CWE-209,CWE-327"
BenchmarkTest00450.java,0,CWE-327,,,0,0,1,0,CWE-209
BenchmarkTest00451.java,0,CWE-327,,,0,0,1,0,CWE-209
BenchmarkTest00452.java,1,CWE-22,CWE-23,0,1,0,0,0,CWE-23
BenchmarkTest00453.java,1,CWE-22,CWE-23,0,1,0,0,0,CWE-23
BenchmarkTest00454.java,0,CWE-22,,,0,0,1,0,
BenchmarkTest00455.java,1,CWE-22,CWE-23,0,1,0,0,0,CWE-23
BenchmarkTest00456.java,1,CWE-22,CWE-23,0,1,0,0,0,CWE-23
BenchmarkTest00457.java,1,CWE-22,CWE-23,0,1,0,0,0,CWE-23
BenchmarkTest00458.java,0,CWE-22,CWE-23,0,0,1,0,0,CWE-23
BenchmarkTest00459.java,1,CWE-22,CWE-23,0,1,0,0,0,CWE-23
BenchmarkTest00460.java,0,CWE-22,,,0,0,1,0,
BenchmarkTest00461.java,1,CWE-330,CWE-330,1,1,0,0,0,"CWE-330,CWE-798"
BenchmarkTest00462.java,1,CWE-328,CWE-916,0,1,0,0,0,CWE-916
BenchmarkTest00463.java,0,CWE-328,,,0,0,1,0,
BenchmarkTest00464.java,1,CWE-328,CWE-916,0,1,0,0,0,CWE-916
BenchmarkTest00465.java,1,CWE-328,CWE-916,0,1,0,0,0,CWE-916
BenchmarkTest00466.java,0,CWE-328,,,0,0,1,0,
BenchmarkTest00467.java,1,CWE-79,CWE-79,1,1,0,0,0,CWE-79
BenchmarkTest00468.java,0,CWE-79,CWE-79,1,0,1,0,0,CWE-79
BenchmarkTest00469.java,0,CWE-79,,,0,0,1,0,
BenchmarkTest00470.java,0,CWE-79,,,0,0,1,0,
BenchmarkTest00471.java,0,CWE-79,,,0,0,1,0,
BenchmarkTest00472.java,1,CWE-79,CWE-79,1,1,0,0,0,CWE-79
BenchmarkTest00473.java,1,CWE-79,CWE-79,1,1,0,0,0,"CWE-134,CWE-79"
BenchmarkTest00474.java,0,CWE-79,,,0,0,1,0,
BenchmarkTest00475.java,1,CWE-79,CWE-79,1,1,0,0,0,CWE-79
BenchmarkTest00476.java,0,CWE-79,,,0,0,1,0,
BenchmarkTest00477.java,1,CWE-79,CWE-79,1,1,0,0,0,CWE-79
BenchmarkTest00478.java,1,CWE-79,CWE-79,1,1,0,0,0,CWE-79
BenchmarkTest00479.java,0,CWE-79,,,0,0,1,0,
BenchmarkTest00480.java,1,CWE-78,CWE-78,1,1,0,0,0,CWE-78
BenchmarkTest00481.java,0,CWE-78,,,0,0,1,0,
BenchmarkTest00482.java,1,CWE-330,CWE-330,1,1,0,0,0,"CWE-330,CWE-798"
BenchmarkTest00483.java,1,CWE-330,CWE-330,1,1,0,0,0,"CWE-330,CWE-798"
BenchmarkTest00484.java,1,CWE-330,CWE-330,1,1,0,0,0,"CWE-330,CWE-798"
BenchmarkTest00485.java,1,CWE-330,CWE-330,1,1,0,0,0,"CWE-330,CWE-798"
BenchmarkTest00486.java,1,CWE-330,CWE-330,1,1,0,0,0,"CWE-330,CWE-798"
BenchmarkTest00487.java,1,CWE-330,CWE-330,1,1,0,0,0,"CWE-330,CWE-798"
BenchmarkTest00488.java,1,CWE-330,CWE-330,1,1,0,0,0,"CWE-330,CWE-798"
BenchmarkTest00489.java,1,CWE-330,CWE-330,1,1,0,0,0,"CWE-330,CWE-798"
BenchmarkTest00490.java,1,CWE-330,CWE-330,1,1,0,0,0,"CWE-330,CWE-798"
BenchmarkTest00491.java,1,CWE-614,CWE-614,1,1,0,0,0,"CWE-113,CWE-614"
BenchmarkTest00492.java,1,CWE-79,CWE-79,1,1,0,0,0,CWE-79
BenchmarkTest00493.java,0,CWE-79,CWE-79,1,0,1,0,0,CWE-79
BenchmarkTest00494.java,0,CWE-78,CWE-78,1,0,1,0,0,CWE-78
BenchmarkTest00495.java,1,CWE-78,CWE-78,1,1,0,0,0,CWE-78
BenchmarkTest00496.java,1,CWE-78,CWE-78,1,1,0,0,0,CWE-78
BenchmarkTest00497.java,1,CWE-78,CWE-78,1,1,0,0,0,CWE-78
BenchmarkTest00498.java,1,CWE-78,CWE-78,1,1,0,0,0,CWE-78
BenchmarkTest00499.java,1,CWE-78,CWE-78,1,1,0,0,0,CWE-78
BenchmarkTest00500.java,1,CWE-78,CWE-78,1,1,0,0,0,CWE-78
BenchmarkTest00501.java,0,CWE-330,,,0,0,1,0,CWE-798
BenchmarkTest00502.java,0,CWE-330,,,0,0,1,0,CWE-798
BenchmarkTest00503.java,0,CWE-330,,,0,0,1,0,CWE-798
BenchmarkTest00504.java,0,CWE-330,,,0,0,1,0,CWE-798
BenchmarkTest00505.java,0,CWE-330,,,0,0,1,0,CWE-798
BenchmarkTest00506.java,0,CWE-330,,,0,0,1,0,CWE-798
BenchmarkTest00507.java,0,CWE-330,,,0,0,1,0,CWE-798
BenchmarkTest00509.java,0,CWE-89,CWE-89,1,0,1,0,0,CWE-89
BenchmarkTest00510.java,1,CWE-89,CWE-89,1,1,0,0,0,CWE-89
BenchmarkTest00511.java,0,CWE-89,CWE-89,1,0,1,0,0,CWE-89
BenchmarkTest00512.java,1,CWE-89,CWE-89,1,1,0,0,0,CWE-89
BenchmarkTest00513.java,0,CWE-89,CWE-89,1,0,1,0,0,CWE-89
BenchmarkTest00514.java,0,CWE-89,,,0,0,1,0,
BenchmarkTest00515.java,1,CWE-89,CWE-89,1,1,0,0,0,CWE-89
BenchmarkTest00516.java,1,CWE-89,CWE-89,1,1,0,0,0,CWE-89
BenchmarkTest00517.java,0,CWE-89,,,0,0,1,0,
BenchmarkTest00518.java,1,CWE-89,CWE-89,1,1,0,0,0,CWE-89
BenchmarkTest00519.java,0,CWE-89,CWE-89,1,0,1,0,0,CWE-89
BenchmarkTest00520.java,0,CWE-643,,,0,0,1,0,
BenchmarkTest00521.java,1,CWE-327,CWE-327,1,1,0,0,0,"CWE-209,CWE-327"
BenchmarkTest00522.java,1,CWE-327,CWE-327,1,1,0,0,0,"CWE-209,CWE-327"
BenchmarkTest00523.java,0,CWE-327,,,0,0,1,0,CWE-209
BenchmarkTest00524.java,0,CWE-327,,,0,0,1,0,CWE-209
BenchmarkTest00525.java,1,CWE-22,CWE-23,0,1,0,0,0,CWE-23
BenchmarkTest00526.java,1,CWE-22,CWE-23,0,1,0,0,0,CWE-23
BenchmarkTest00527.java,1,CWE-22,CWE-23,0,1,0,0,0,CWE-23
BenchmarkTest00528.java,1,CWE-22,CWE-23,0,1,0,0,0,CWE-23
BenchmarkTest00529.java,1,CWE-22,CWE-23,0,1,0,0,0,CWE-23
BenchmarkTest00530.java,0,CWE-90,CWE-90,1,0,1,0,0,"CWE-79,CWE-90"
BenchmarkTest00531.java,1,CWE-328,CWE-916,0,1,0,0,0,CWE-916
BenchmarkTest00532.java,1,CWE-328,CWE-916,0,1,0,0,0,CWE-916
BenchmarkTest00533.java,1,CWE-328,CWE-916,0,1,0,0,0,CWE-916
BenchmarkTest00534.java,1,CWE-328,CWE-916,0,1,0,0,0,CWE-916
BenchmarkTest00535.java,0,CWE-328,,,0,0,1,0,
BenchmarkTest00536.java,1,CWE-328,CWE-916,0,1,0,0,0,CWE-916
BenchmarkTest00537.java,1,CWE-328,CWE-916,0,1,0,0,0,CWE-916
BenchmarkTest00538.java,0,CWE-328,,,0,0,1,0,
BenchmarkTest00539.java,0,CWE-328,,,0,0,1,0,
BenchmarkTest00540.java,0,CWE-328,,,0,0,1,0,
BenchmarkTest00541.java,1,CWE-79,CWE-79,1,1,0,0,0,CWE-79
BenchmarkTest00542.java,1,CWE-79,CWE-79,1,1,0,0,0,CWE-79
BenchmarkTest00543.java,1,CWE-79,CWE-79,1,1,0,0,0,CWE-79
BenchmarkTest00544.java,0,CWE-79,CWE-79,1,0,1,0,0,CWE-79
BenchmarkTest00545.java,0,CWE-79,,,0,0,1,0,
BenchmarkTest00546.java,0,CWE-79,CWE-79,1,0,1,0,0,CWE-79
BenchmarkTest00547.java,1,CWE-79,CWE-79,1,1,0,0,0,CWE-79
BenchmarkTest00548.java,0,CWE-79,,,0,0,1,0,
BenchmarkTest00549.java,1,CWE-79,CWE-79,1,1,0,0,0,CWE-79
BenchmarkTest00550.java,0,CWE-79,CWE-79,1,0,1,0,0,CWE-79
BenchmarkTest00551.java,1,CWE-79,CWE-79,1,1,0,0,0,CWE-79
BenchmarkTest00552.java,1,CWE-79,CWE-79,1,1,0,0,0,CWE-79
BenchmarkTest00553.java,0,CWE-79,CWE-79,1,0,1,0,0,CWE-79
BenchmarkTest00554.java,1,CWE-79,CWE-79,1,1,0,0,0,CWE-79
BenchmarkTest00555.java,1,CWE-79,CWE-79,1,1,0,0,0,CWE-79
BenchmarkTest00556.java,0,CWE-79,CWE-79,1,0,1,0,0,CWE-79
BenchmarkTest00557.java,1,CWE-79,CWE-79,1,1,0,0,0,CWE-79
BenchmarkTest00558.java,0,CWE-78,CWE-78,1,0,1,0,0,CWE-78
BenchmarkTest00559.java,0,CWE-78,,,0,0,1,0,
BenchmarkTest00560.java,1,CWE-330,CWE-330,1,1,0,0,0,"CWE-330,CWE-798"
BenchmarkTest00561.java,1,CWE-330,CWE-330,1,1,0,0,0,"CWE-330,CWE-798"
BenchmarkTest00562.java,1,CWE-330,CWE-330,1,1,0,0,0,"CWE-330,CWE-798"
BenchmarkTest00563.java,1,CWE-330,CWE-330,1,1,0,0,0,"CWE-330,CWE-798"
BenchmarkTest00564.java,1,CWE-330,CWE-330,1,1,0,0,0,"CWE-330,CWE-798"
BenchmarkTest00565.java,1,CWE-614,CWE-614,1,1,0,0,0,"CWE-113,CWE-614"
BenchmarkTest00566.java,1,CWE-614,CWE-614,1,1,0,0,0,"CWE-113,CWE-614"
BenchmarkTest00567.java,1,CWE-78,CWE-78,1,1,0,0,0,CWE-78
BenchmarkTest00568.java,1,CWE-78,CWE-78,1,1,0,0,0,CWE-78
BenchmarkTest00569.java,0,CWE-78,,,0,0,1,0,
BenchmarkTest00570.java,0,CWE-78,CWE-78,1,0,1,0,0,CWE-78
BenchmarkTest00571.java,0,CWE-78,,,0,0,1,0,
BenchmarkTest00572.java,0,CWE-78,,,0,0,1,0,
BenchmarkTest00573.java,1,CWE-78,CWE-78,1,1,0,0,0,CWE-78
BenchmarkTest00574.java,1,CWE-78,CWE-78,1,1,0,0,0,CWE-78
BenchmarkTest00575.java,1,CWE-78,CWE-78,1,1,0,0,0,CWE-78
BenchmarkTest00576.java,1,CWE-78,CWE-78,1,1,0,0,0,CWE-78
BenchmarkTest00577.java,0,CWE-330,,,0,0,1,0,CWE-798
BenchmarkTest00578.java,0,CWE-330,,,0,0,1,0,CWE-798
BenchmarkTest00579.java,0,CWE-330,,,0,0,1,0,CWE-798
BenchmarkTest00580.java,0,CWE-330,,,0,0,1,0,CWE-798
BenchmarkTest00581.java,0,CWE-330,,,0,0,1,0,CWE-798
BenchmarkTest00582.java,0,CWE-330,,,0,0,1,0,CWE-798
BenchmarkTest00583.java,0,CWE-330,,,0,0,1,0,CWE-798
BenchmarkTest00584.java,0,CWE-330,,,0,0,1,0,CWE-798
BenchmarkTest00585.java,0,CWE-330,,,0,0,1,0,CWE-798
BenchmarkTest00589.java,0,CWE-89,CWE-89,1,0,1,0,0,CWE-89
BenchmarkTest00590.java,1,CWE-89,CWE-89,1,1,0,0,0,CWE-89
BenchmarkTest00591.java,1,CWE-89,CWE-89,1,1,0,0,0,CWE-89
BenchmarkTest00592.java,0,CWE-89,,,0,0,1,0,
BenchmarkTest00593.java,1,CWE-89,CWE-89,1,1,0,0,0,CWE-89
BenchmarkTest00594.java,1,CWE-89,CWE-89,1,1,0,0,0,CWE-89
BenchmarkTest00595.java,1,CWE-89,CWE-89,1,1,0,0,0,CWE-89
BenchmarkTest00596.java,1,CWE-89,CWE-89,1,1,0,0,0,CWE-89
BenchmarkTest00597.java,1,CWE-89,CWE-89,1,1,0,0,0,CWE-89
BenchmarkTest00598.java,1,CWE-89,CWE-89,1,1,0,0,0,CWE-89
BenchmarkTest00599.java,0,CWE-89,,,0,0,1,0,
BenchmarkTest00600.java,1,CWE-89,CWE-89,1,1,0,0,0,CWE-89
BenchmarkTest00601.java,0,CWE-89,,,0,0,1,0,
BenchmarkTest00602.java,0,CWE-89,CWE-89,1,0,1,0,0,CWE-89
BenchmarkTest00603.java,1,CWE-89,CWE-89,1,1,0,0,0,CWE-89
BenchmarkTest00604.java,1,CWE-89,CWE-89,1,1,0,0,0,CWE-89
BenchmarkTest00605.java,0,CWE-89,,,0,0,1,0,
BenchmarkTest00606.java,1,CWE-89,CWE-89,1,1,0,0,0,CWE-89
BenchmarkTest00607.java,1,CWE-643,CWE-643,1,1,0,0,0,"CWE-643,CWE-79"
BenchmarkTest00608.java,1,CWE-327,CWE-327,1,1,0,0,0,"CWE-209,CWE-327"
BenchmarkTest00609.java,1,CWE-327,CWE-327,1,1,0,0,0,"CWE-209,CWE-327"
BenchmarkTest00610.java,1,CWE-327,CWE-327,1,1,0,0,0,"CWE-209,CWE-327"
BenchmarkTest00611.java,1,CWE-327,CWE-327,1,1,0,0,0,"CWE-209,CWE-327"
BenchmarkTest00612.java,0,CWE-327,,,0,0,1,0,CWE-209
BenchmarkTest00613.java,0,CWE-327,,,0,0,1,0,CWE-209
BenchmarkTest00614.java,1,CWE-327,CWE-327,1,1,0,0,0,"CWE-209,CWE-327"
BenchmarkTest00615.java,1,CWE-327,CWE-327,1,1,0,0,0,"CWE-209,CWE-327"
BenchmarkTest00616.java,1,CWE-327,CWE-327,1,1,0,0,0,"CWE-209,CWE-327"
BenchmarkTest00617.java,1,CWE-327,CWE-327,1,1,0,0,0,"CWE-209,CWE-327"
BenchmarkTest00618.java,0,CWE-327,,,0,0,1,0,CWE-209
BenchmarkTest00619.java,1,CWE-22,,,0,0,0,1,
BenchmarkTest00620.java,0,CWE-22,,,0,0,1,0,
BenchmarkTest00621.java,0,CWE-22,,,0,0,1,0,
BenchmarkTest00622.java,0,CWE-22,,,0,0,1,0,
BenchmarkTest00623.java,1,CWE-22,,,0,0,0,1,
BenchmarkTest00624.java,1,CWE-22,,,0,0,0,1,
BenchmarkTest00625.java,0,CWE-22,,,0,0,1,0,
BenchmarkTest00626.java,0,CWE-22,,,0,0,1,0,
BenchmarkTest00627.java,1,CWE-22,,,0,0,0,1,
BenchmarkTest00628.java,0,CWE-22,,,0,0,1,0,
BenchmarkTest00629.java,1,CWE-22,,,0,0,0,1,
BenchmarkTest00630.java,1,CWE-90,,,0,0,0,1,
BenchmarkTest00631.java,1,CWE-328,CWE-916,0,1,0,0,0,CWE-916
BenchmarkTest00632.java,0,CWE-328,,,0,0,1,0,
BenchmarkTest00633.java,0,CWE-328,,,0,0,1,0,
BenchmarkTest00634.java,1,CWE-328,CWE-916,0,1,0,0,0,CWE-916
BenchmarkTest00635.java,1,CWE-328,CWE-916,0,1,0,0,0,CWE-916
BenchmarkTest00636.java,1,CWE-328,CWE-916,0,1,0,0,0,CWE-916
BenchmarkTest00637.java,1,CWE-328,CWE-916,0,1,0,0,0,CWE-916
BenchmarkTest00638.java,1,CWE-328,,,0,0,0,1,
BenchmarkTest00639.java,0,CWE-328,,,0,0,1,0,
BenchmarkTest00640.java,0,CWE-328,,,0,0,1,0,
BenchmarkTest00641.java,0,CWE-328,,,0,0,1,0,
BenchmarkTest00642.java,1,CWE-79,,,0,0,0,1,
BenchmarkTest00643.java,1,CWE-79,,,0,0,0,1,
BenchmarkTest00644.java,1,CWE-79,,,0,0,0,1,
BenchmarkTest00645.java,1,CWE-79,,,0,0,0,1,
BenchmarkTest00646.java,0,CWE-79,,,0,0,1,0,
BenchmarkTest00647.java,0,CWE-79,,,0,0,1,0,
BenchmarkTest00648.java,0,CWE-79,,,0,0,1,0,
BenchmarkTest00649.java,0,CWE-79,,,0,0,1,0,
BenchmarkTest00650.java,0,CWE-79,,,0,0,1,0,
BenchmarkTest00651.java,1,CWE-79,,,0,0,0,1,
BenchmarkTest00652.java,1,CWE-330,CWE-330,1,1,0,0,0,"CWE-330,CWE-798"
BenchmarkTest00653.java,1,CWE-330,CWE-330,1,1,0,0,0,"CWE-330,CWE-798"
BenchmarkTest00654.java,1,CWE-330,CWE-330,1,1,0,0,0,"CWE-330,CWE-798"
BenchmarkTest00655.java,0,CWE-614,,,0,0,1,0,
BenchmarkTest00656.java,1,CWE-79,,,0,0,0,1,
BenchmarkTest00657.java,0,CWE-78,,,0,0,1,0,
BenchmarkTest00658.java,0,CWE-78,,,0,0,1,0,
BenchmarkTest00659.java,0,CWE-78,,,0,0,1,0,
BenchmarkTest00660.java,0,CWE-330,,,0,0,1,0,CWE-798
BenchmarkTest00661.java,0,CWE-330,,,0,0,1,0,CWE-798
BenchmarkTest00662.java,0,CWE-330,,,0,0,1,0,CWE-798
BenchmarkTest00663.java,0,CWE-330,,,0,0,1,0,CWE-798
BenchmarkTest00664.java,0,CWE-330,,,0,0,1,0,CWE-798
BenchmarkTest00665.java,0,CWE-330,,,0,0,1,0,CWE-798
BenchmarkTest00666.java,0,CWE-330,,,0,0,1,0,CWE-798
BenchmarkTest00667.java,0,CWE-330,,,0,0,1,0,CWE-798
BenchmarkTest00672.java,0,CWE-89,,,0,0,1,0,
BenchmarkTest00673.java,1,CWE-89,,,0,0,0,1,
BenchmarkTest00674.java,0,CWE-89,,,0,0,1,0,
BenchmarkTest00675.java,0,CWE-89,,,0,0,1,0,
BenchmarkTest00676.java,0,CWE-89,,,0,0,1,0,
BenchmarkTest00677.java,1,CWE-89,,,0,0,0,1,
BenchmarkTest00678.java,1,CWE-89,,,0,0,0,1,
BenchmarkTest00679.java,1,CWE-89,,,0,0,0,1,
BenchmarkTest00680.java,0,CWE-89,,,0,0,1,0,
BenchmarkTest00681.java,1,CWE-89,,,0,0,0,1,
BenchmarkTest00682.java,0,CWE-89,,,0,0,1,0,
BenchmarkTest00683.java,0,CWE-643,,,0,0,1,0,
BenchmarkTest00684.java,1,CWE-327,CWE-327,1,1,0,0,0,"CWE-209,CWE-327"
BenchmarkTest00685.java,1,CWE-327,CWE-327,1,1,0,0,0,"CWE-209,CWE-327"
BenchmarkTest00686.java,0,CWE-327,,,0,0,1,0,CWE-209
BenchmarkTest00687.java,0,CWE-327,,,0,0,1,0,CWE-209
BenchmarkTest00688.java,1,CWE-327,CWE-327,1,1,0,0,0,"CWE-209,CWE-327"
BenchmarkTest00689.java,0,CWE-327,,,0,0,1,0,CWE-209
BenchmarkTest00690.java,0,CWE-327,,,0,0,1,0,CWE-209
BenchmarkTest00691.java,1,CWE-327,CWE-327,1,1,0,0,0,"CWE-209,CWE-327"
BenchmarkTest00692.java,1,CWE-327,CWE-327,1,1,0,0,0,"CWE-209,CWE-327"
BenchmarkTest00693.java,1,CWE-327,CWE-327,1,1,0,0,0,"CWE-209,CWE-327"
BenchmarkTest00694.java,1,CWE-90,CWE-90,1,1,0,0,0,"CWE-79,CWE-90"
BenchmarkTest00695.java,1,CWE-90,CWE-90,1,1,0,0,0,"CWE-79,CWE-90"
BenchmarkTest00696.java,1,CWE-22,CWE-23,0,1,0,0,0,CWE-23
BenchmarkTest00697.java,1,CWE-22,CWE-23,0,1,0,0,0,CWE-23
BenchmarkTest00698.java,1,CWE-22,CWE-23,0,1,0,0,0,CWE-23
BenchmarkTest00699.java,0,CWE-22,CWE-23,0,0,1,0,0,CWE-23
BenchmarkTest00700.java,1,CWE-22,CWE-23,0,1,0,0,0,CWE-23
BenchmarkTest00701.java,0,CWE-90,,,0,0,1,0,
BenchmarkTest00702.java,1,CWE-330,CWE-330,1,1,0,0,0,"CWE-330,CWE-798"
BenchmarkTest00703.java,1,CWE-328,CWE-916,0,1,0,0,0,CWE-916
BenchmarkTest00704.java,1,CWE-328,CWE-916,0,1,0,0,0,CWE-916
BenchmarkTest00705.java,1,CWE-328,CWE-916,0,1,0,0,0,CWE-916
BenchmarkTest00706.java,0,CWE-328,,,0,0,1,0,
BenchmarkTest00707.java,0,CWE-328,,,0,0,1,0,
BenchmarkTest00708.java,1,CWE-328,CWE-916,0,1,0,0,0,CWE-916
BenchmarkTest00709.java,0,CWE-328,,,0,0,1,0,
BenchmarkTest00710.java,1,CWE-328,,,0,0,0,1,
BenchmarkTest00711.java,1,CWE-79,CWE-79,1,1,0,0,0,CWE-79
BenchmarkTest00712.java,0,CWE-79,,,0,0,1,0,
BenchmarkTest00713.java,0,CWE-79,,,0,0,1,0,
BenchmarkTest00714.java,0,CWE-79,,,0,0,1,0,
BenchmarkTest00715.java,1,CWE-79,CWE-79,1,1,0,0,0,CWE-79
BenchmarkTest00716.java,0,CWE-79,,,0,0,1,0,
BenchmarkTest00717.java,0,CWE-79,,,0,0,1,0,
BenchmarkTest00718.java,0,CWE-79,,,0,0,1,0,
BenchmarkTest00719.java,1,CWE-79,CWE-79,1,1,0,0,0,CWE-79
BenchmarkTest00720.java,1,CWE-79,CWE-79,1,1,0,0,0,CWE-79
BenchmarkTest00721.java,1,CWE-79,CWE-79,1,1,0,0,0,CWE-79
BenchmarkTest00722.java,0,CWE-79,CWE-79,1,0,1,0,0,"CWE-134,CWE-79"
BenchmarkTest00723.java,0,CWE-79,,,0,0,1,0,
BenchmarkTest00724.java,1,CWE-79,CWE-79,1,1,0,0,0,CWE-79
BenchmarkTest00725.java,1,CWE-79,CWE-79,1,1,0,0,0,CWE-79
BenchmarkTest00726.java,0,CWE-79,,,0,0,1,0,
BenchmarkTest00727.java,1,CWE-79,CWE-79,1,1,0,0,0,CWE-79
BenchmarkTest00728.java,1,CWE-79,CWE-79,1,1,0,0,0,CWE-79
BenchmarkTest00729.java,1,CWE-79,CWE-79,1,1,0,0,0,CWE-79
BenchmarkTest00730.java,0,CWE-79,CWE-79,1,0,1,0,0,CWE-79
BenchmarkTest00731.java,1,CWE-78,CWE-78,1,1,0,0,0,CWE-78
BenchmarkTest00732.java,0,CWE-78,CWE-78,1,0,1,0,0,CWE-78
BenchmarkTest00733.java,1,CWE-330,CWE-330,1,1,0,0,0,"CWE-330,CWE-798"
BenchmarkTest00734.java,1,CWE-330,CWE-330,1,1,0,0,0,"CWE-330,CWE-798"
BenchmarkTest00735.java,1,CWE-330,CWE-330,1,1,0,0,0,"CWE-330,CWE-798"
BenchmarkTest00736.java,1,CWE-614,CWE-614,1,1,0,0,0,"CWE-113,CWE-614"
BenchmarkTest00737.java,1,CWE-79,CWE-79,1,1,0,0,0,CWE-79
BenchmarkTest00738.java,0,CWE-78,,,0,0,1,0,
BenchmarkTest00739.java,0,CWE-78,,,0,0,1,0,
BenchmarkTest00740.java,1,CWE-78,CWE-78,1,1,0,0,0,CWE-78
BenchmarkTest00741.java,0,CWE-78,CWE-78,1,0,1,0,0,CWE-78
BenchmarkTest00742.java,0,CWE-78,CWE-78,1,0,1,0,0,CWE-78
BenchmarkTest00743.java,0,CWE-78,CWE-78,1,0,1,0,0,CWE-78
BenchmarkTest00744.java,0,CWE-330,,,0,0,1,0,CWE-798
BenchmarkTest00745.java,0,CWE-330,,,0,0,1,0,CWE-798
BenchmarkTest00746.java,0,CWE-330,,,0,0,1,0,CWE-798
BenchmarkTest00747.java,0,CWE-330,,,0,0,1,0,CWE-798
BenchmarkTest00748.java,0,CWE-330,,,0,0,1,0,CWE-798
BenchmarkTest00749.java,0,CWE-330,,,0,0,1,0,CWE-798
BenchmarkTest00750.java,0,CWE-330,,,0,0,1,0,CWE-798
BenchmarkTest00751.java,0,CWE-330,,,0,0,1,0,CWE-798
BenchmarkTest00752.java,0,CWE-330,,,0,0,1,0,CWE-798
BenchmarkTest00753.java,0,CWE-330,,,0,0,1,0,CWE-798
BenchmarkTest00760.java,1,CWE-89,CWE-89,1,1,0,0,0,CWE-89
BenchmarkTest00761.java,1,CWE-89,CWE-89,1,1,0,0,0,CWE-89
BenchmarkTest00762.java,1,CWE-89,CWE-89,1,1,0,0,0,CWE-89
BenchmarkTest00763.java,0,CWE-89,CWE-89,1,0,1,0,0,CWE-89
BenchmarkTest00764.java,1,CWE-89,CWE-89,1,1,0,0,0,CWE-89
BenchmarkTest00765.java,1,CWE-89,CWE-89,1,1,0,0,0,CWE-89
BenchmarkTest00766.java,0,CWE-89,,,0,0,1,0,
BenchmarkTest00767.java,1,CWE-89,CWE-89,1,1,0,0,0,CWE-89
BenchmarkTest00768.java,1,CWE-89,CWE-89,1,1,0,0,0,CWE-89
BenchmarkTest00769.java,1,CWE-89,CWE-89,1,1,0,0,0,CWE-89
BenchmarkTest00770.java,1,CWE-89,CWE-89,1,1,0,0,0,CWE-89
BenchmarkTest00771.java,1,CWE-89,CWE-89,1,1,0,0,0,CWE-89
BenchmarkTest00772.java,0,CWE-89,CWE-89,1,0,1,0,0,CWE-89
BenchmarkTest00773.java,0,CWE-89,CWE-89,1,0,1,0,0,CWE-89
BenchmarkTest00774.java,0,CWE-89,CWE-89,1,0,1,0,0,CWE-89
BenchmarkTest00775.java,0,CWE-327,,,0,0,1,0,CWE-209
BenchmarkTest00776.java,0,CWE-327,,,0,0,1,0,CWE-209
BenchmarkTest00777.java,0,CWE-327,,,0,0,1,0,CWE-209
BenchmarkTest00778.java,0,CWE-327,,,0,0,1,0,CWE-209
BenchmarkTest00779.java,1,CWE-327,CWE-327,1,1,0,0,0,"CWE-209,CWE-327"
BenchmarkTest00780.java,0,CWE-327,,,0,0,1,0,CWE-209
BenchmarkTest00781.java,1,CWE-327,CWE-327,1,1,0,0,0,"CWE-209,CWE-327"
BenchmarkTest00782.java,0,CWE-327,,,0,0,1,0,CWE-209
BenchmarkTest00783.java,1,CWE-22,CWE-23,0,1,0,0,0,CWE-23
BenchmarkTest00784.java,0,CWE-22,CWE-23,0,0,1,0,0,CWE-23
BenchmarkTest00785.java,1,CWE-22,CWE-23,0,1,0,0,0,CWE-23
BenchmarkTest00786.java,0,CWE-22,CWE-23,0,0,1,0,0,CWE-23
BenchmarkTest00787.java,1,CWE-22,CWE-23,0,1,0,0,0,CWE-23
BenchmarkTest00788.java,1,CWE-22,CWE-23,0,1,0,0,0,CWE-23
BenchmarkTest00789.java,1,CWE-328,CWE-916,0,1,0,0,0,CWE-916
BenchmarkTest00790.java,1,CWE-328,CWE-916,0,1,0,0,0,CWE-916
BenchmarkTest00791.java,0,CWE-328,,,0,0,1,0,
BenchmarkTest00792.java,0,CWE-328,,,0,0,1,0,
BenchmarkTest00793.java,0,CWE-328,,,0,0,1,0,
BenchmarkTest00794.java,1,CWE-328,CWE-916,0,1,0,0,0,CWE-916
BenchmarkTest00795.java,0,CWE-328,,,0,0,1,0,
BenchmarkTest00796.java,1,CWE-328,,,0,0,0,1,
BenchmarkTest00797.java,1,CWE-328,,,0,0,0,1,
BenchmarkTest00798.java,0,CWE-328,,,0,0,1,0,
BenchmarkTest00799.java,0,CWE-79,CWE-79,1,0,1,0,0,CWE-79
BenchmarkTest00800.java,1,CWE-79,CWE-79,1,1,0,0,0,CWE-79
BenchmarkTest00801.java,1,CWE-79,CWE-79,1,1,0,0,0,CWE-79
BenchmarkTest00802.java,1,CWE-79,CWE-79,1,1,0,0,0,CWE-79
BenchmarkTest00803.java,1,CWE-79,CWE-79,1,1,0,0,0,CWE-79
BenchmarkTest00804.java,1,CWE-79,CWE-79,1,1,0,0,0,CWE-79
BenchmarkTest00805.java,1,CWE-79,CWE-79,1,1,0,0,0,CWE-79
BenchmarkTest00806.java,1,CWE-79,CWE-79,1,1,0,0,0,CWE-79
BenchmarkTest00807.java,1,CWE-79,CWE-79,1,1,0,0,0,CWE-79
BenchmarkTest00808.java,0,CWE-79,CWE-79,1,0,1,0,0,"CWE-134,CWE-79"
BenchmarkTest00809.java,1,CWE-79,CWE-79,1,1,0,0,0,"CWE-134,CWE-79"
BenchmarkTest00810.java,1,CWE-79,CWE-79,1,1,0,0,0,CWE-79
BenchmarkTest00811.java,1,CWE-79,CWE-79,1,1,0,0,0,CWE-79
BenchmarkTest00812.java,0,CWE-79,,,0,0,1,0,
BenchmarkTest00813.java,0,CWE-79,,,0,0,1,0,
BenchmarkTest00814.java,0,CWE-78,,,0,0,1,0,
BenchmarkTest00815.java,1,CWE-78,CWE-78,1,1,0,0,0,CWE-78
BenchmarkTest00816.java,1,CWE-78,CWE-78,1,1,0,0,0,CWE-78
BenchmarkTest00817.java,1,CWE-330,CWE-330,1,1,0,0,0,"CWE-330,CWE-798"
BenchmarkTest00818.java,1,CWE-330,CWE-330,1,1,0,0,0,"CWE-330,CWE-798"
BenchmarkTest00819.java,1,CWE-330,CWE-330,1,1,0,0,0,"CWE-330,CWE-798"
BenchmarkTest00820.java,1,CWE-614,CWE-614,1,1,0,0,0,"CWE-113,CWE-614"
BenchmarkTest00821.java,1,CWE-614,CWE-614,1,1,0,0,0,"CWE-113,CWE-614"
BenchmarkTest00822.java,1,CWE-79,CWE-79,1,1,0,0,0,CWE-79
BenchmarkTest00823.java,1,CWE-78,CWE-78,1,1,0,0,0,CWE-78
BenchmarkTest00824.java,1,CWE-78,CWE-78,1,1,0,0,0,CWE-78
BenchmarkTest00825.java,1,CWE-78,CWE-78,1,1,0,0,0,CWE-78
BenchmarkTest00826.java,0,CWE-78,,,0,0,1,0,
BenchmarkTest00827.java,0,CWE-78,CWE-78,1,0,1,0,0,CWE-78
BenchmarkTest00828.java,0,CWE-330,,,0,0,1,0,CWE-798
BenchmarkTest00829.java,0,CWE-330,,,0,0,1,0,CWE-798
BenchmarkTest00830.java,0,CWE-330,,,0,0,1,0,CWE-798
BenchmarkTest00831.java,0,CWE-330,,,0,0,1,0,CWE-798
BenchmarkTest00832.java,0,CWE-330,,,0,0,1,0,CWE-798
BenchmarkTest00837.java,0,CWE-89,CWE-89,1,0,1,0,0,CWE-89
BenchmarkTest00838.java,0,CWE-89,CWE-89,1,0,1,0,0,CWE-89
BenchmarkTest00839.java,1,CWE-89,CWE-89,1,1,0,0,0,CWE-89
BenchmarkTest00840.java,1,CWE-89,CWE-89,1,1,0,0,0,CWE-89
BenchmarkTest00841.java,1,CWE-89,CWE-89,1,1,0,0,0,CWE-89
BenchmarkTest00842.java,1,CWE-89,CWE-89,1,1,0,0,0,CWE-89
BenchmarkTest00843.java,1,CWE-89,CWE-89,1,1,0,0,0,CWE-89
BenchmarkTest00844.java,0,CWE-89,CWE-89,1,0,1,0,0,CWE-89
BenchmarkTest00845.java,1,CWE-89,CWE-89,1,1,0,0,0,CWE-89
BenchmarkTest00846.java,1,CWE-89,CWE-89,1,1,0,0,0,CWE-89
BenchmarkTest00847.java,1,CWE-89,CWE-89,1,1,0,0,0,CWE-89
BenchmarkTest00848.java,1,CWE-89,CWE-89,1,1,0,0,0,CWE-89
BenchmarkTest00849.java,1,CWE-89,CWE-89,1,1,0,0,0,CWE-89
BenchmarkTest00850.java,1,CWE-89,CWE-89,1,1,0,0,0,CWE-89
BenchmarkTest00851.java,0,CWE-89,,,0,0,1,0,
BenchmarkTest00852.java,0,CWE-643,CWE-643,1,0,1,0,0,"CWE-643,CWE-79"
BenchmarkTest00853.java,1,CWE-327,CWE-327,1,1,0,0,0,"CWE-209,CWE-327"
BenchmarkTest00854.java,0,CWE-327,,,0,0,1,0,CWE-209
BenchmarkTest00855.java,1,CWE-327,CWE-327,1,1,0,0,0,"CWE-209,CWE-327"
BenchmarkTest00856.java,1,CWE-327,CWE-327,1,1,0,0,0,"CWE-209,CWE-327"
BenchmarkTest00857.java,1,CWE-327,CWE-327,1,1,0,0,0,"CWE-209,CWE-327"
BenchmarkTest00858.java,0,CWE-327,,,0,0,1,0,CWE-209
BenchmarkTest00859.java,1,CWE-327,CWE-327,1,1,0,0,0,"CWE-209,CWE-327"
BenchmarkTest00860.java,0,CWE-90,,,0,0,1,0,
BenchmarkTest00861.java,0,CWE-90,,,0,0,1,0,
BenchmarkTest00862.java,0,CWE-22,,,0,0,1,0,
BenchmarkTest00863.java,0,CWE-22,,,0,0,1,0,
BenchmarkTest00864.java,0,CWE-22,,,0,0,1,0,
BenchmarkTest00865.java,0,CWE-22,,,0,0,1,0,
BenchmarkTest00866.java,0,CWE-22,,,0,0,1,0,
BenchmarkTest00867.java,0,CWE-22,,,0,0,1,0,
BenchmarkTest00868.java,1,CWE-328,CWE-916,0,1,0,0,0,CWE-916
BenchmarkTest00869.java,1,CWE-328,CWE-916,0,1,0,0,0,CWE-916
BenchmarkTest00870.java,1,CWE-328,CWE-916,0,1,0,0,0,CWE-916
BenchmarkTest00871.java,1,CWE-328,CWE-916,0,1,0,0,0,CWE-916
BenchmarkTest00872.java,1,CWE-328,CWE-916,0,1,0,0,0,CWE-916
BenchmarkTest00873.java,0,CWE-328,,,0,0,1,0,
BenchmarkTest00874.java,0,CWE-328,,,0,0,1,0,
BenchmarkTest00875.java,1,CWE-328,,,0,0,0,1,
BenchmarkTest00876.java,1,CWE-328,,,0,0,0,1,
BenchmarkTest00877.java,0,CWE-328,,,0,0,1,0,
BenchmarkTest00878.java,0,CWE-328,,,0,0,1,0,
BenchmarkTest00879.java,0,CWE-79,,,0,0,1,0,
BenchmarkTest00880.java,0,CWE-79,,,0,0,1,0,
BenchmarkTest00881.java,0,CWE-79,,,0,0,1,0,
BenchmarkTest00882.java,0,CWE-79,,,0,0,1,0,
BenchmarkTest00883.java,0,CWE-79,,,0,0,1,0,
BenchmarkTest00884.java,0,CWE-79,,,0,0,1,0,
BenchmarkTest00885.java,0,CWE-79,,,0,0,1,0,
BenchmarkTest00886.java,0,CWE-79,,,0,0,1,0,
BenchmarkTest00887.java,0,CWE-79,,,0,0,1,0,
BenchmarkTest00888.java,0,CWE-79,,,0,0,1,0,
BenchmarkTest00889.java,0,CWE-79,,,0,0,1,0,
BenchmarkTest00890.java,0,CWE-79,,,0,0,1,0,
BenchmarkTest00891.java,0,CWE-79,,,0,0,1,0,
BenchmarkTest00892.java,0,CWE-79,,,0,0,1,0,
BenchmarkTest00893.java,0,CWE-79,,,0,0,1,0,
BenchmarkTest00894.java,0,CWE-79,,,0,0,1,0,
BenchmarkTest00895.java,0,CWE-78,,,0,0,1,0,
BenchmarkTest00896.java,0,CWE-78,,,0,0,1,0,
BenchmarkTest00897.java,0,CWE-78,,,0,0,1,0,
BenchmarkTest00898.java,1,CWE-330,CWE-330,1,1,0,0,0,"CWE-330,CWE-798"
BenchmarkTest00899.java,1,CWE-330,CWE-330,1,1,0,0,0,"CWE-330,CWE-798"
BenchmarkTest00900.java,1,CWE-330,CWE-330,1,1,0,0,0,"CWE-330,CWE-798"
BenchmarkTest00901.java,1,CWE-330,CWE-330,1,1,0,0,0,"CWE-330,CWE-798"
BenchmarkTest00902.java,1,CWE-330,CWE-330,1,1,0,0,0,"CWE-330,CWE-798"
BenchmarkTest00903.java,1,CWE-614,CWE-614,1,1,0,0,0,CWE-614
BenchmarkTest00904.java,0,CWE-614,,,0,0,1,0,
BenchmarkTest00905.java,0,CWE-78,,,0,0,1,0,
BenchmarkTest00906.java,0,CWE-78,,,0,0,1,0,
BenchmarkTest00907.java,0,CWE-78,,,0,0,1,0,
BenchmarkTest00908.java,0,CWE-78,,,0,0,1,0,
BenchmarkTest00909.java,0,CWE-78,,,0,0,1,0,
BenchmarkTest00910.java,0,CWE-78,,,0,0,1,0,
BenchmarkTest00911.java,0,CWE-330,,,0,0,1,0,CWE-798
BenchmarkTest00912.java,0,CWE-330,,,0,0,1,0,CWE-798
BenchmarkTest00913.java,0,CWE-330,,,0,0,1,0,CWE-798
BenchmarkTest00914.java,0,CWE-330,,,0,0,1,0,CWE-798
BenchmarkTest00915.java,0,CWE-330,,,0,0,1,0,CWE-798
BenchmarkTest00916.java,0,CWE-330,,,0,0,1,0,CWE-798
BenchmarkTest00917.java,0,CWE-330,,,0,0,1,0,CWE-798
BenchmarkTest00918.java,0,CWE-330,,,0,0,1,0,CWE-798
BenchmarkTest00919.java,0,CWE-330,,,0,0,1,0,CWE-798
BenchmarkTest00920.java,0,CWE-330,,,0,0,1,0,CWE-798
BenchmarkTest00921.java,0,CWE-330,,,0,0,1,0,CWE-798
BenchmarkTest00924.java,0,CWE-89,,,0,0,1,0,
BenchmarkTest00925.java,0,CWE-89,,,0,0,1,0,
BenchmarkTest00926.java,0,CWE-89,,,0,0,1,0,
BenchmarkTest00927.java,0,CWE-89,,,0,0,1,0,
BenchmarkTest00928.java,0,CWE-89,,,0,0,1,0,
BenchmarkTest00929.java,0,CWE-89,,,0,0,1,0,
BenchmarkTest00930.java,0,CWE-89,,,0,0,1,0,
BenchmarkTest00931.java,0,CWE-89,,,0,0,1,0,
BenchmarkTest00932.java,0,CWE-89,,,0,0,1,0,
BenchmarkTest00933.java,0,CWE-89,,,0,0,1,0,
BenchmarkTest00934.java,0,CWE-89,,,0,0,1,0,
BenchmarkTest00935.java,0,CWE-89,,,0,0,1,0,
BenchmarkTest00936.java,0,CWE-89,,,0,0,1,0,
BenchmarkTest00937.java,0,CWE-89,,,0,0,1,0,
BenchmarkTest00938.java,0,CWE-89,,,0,0,1,0,
BenchmarkTest00939.java,0,CWE-89,,,0,0,1,0,
BenchmarkTest00940.java,0,CWE-89,,,0,0,1,0,
BenchmarkTest00941.java,0,CWE-643,,,0,0,1,0,
BenchmarkTest00942.java,0,CWE-327,,,0,0,1,0,"CWE-1004,CWE-209"
BenchmarkTest00943.java,0,CWE-327,,,0,0,1,0,"CWE-1004,CWE-209"
BenchmarkTest00944.java,0,CWE-327,,,0,0,1,0,"CWE-1004,CWE-209"
BenchmarkTest00945.java,1,CWE-327,CWE-327,1,1,0,0,0,"CWE-1004,CWE-209,CWE-327"
BenchmarkTest00946.java,1,CWE-327,CWE-327,1,1,0,0,0,"CWE-1004,CWE-209,CWE-327"
BenchmarkTest00947.java,1,CWE-90,CWE-90,1,1,0,0,0,"CWE-1004,CWE-79,CWE-90"
BenchmarkTest00948.java,0,CWE-90,CWE-90,1,0,1,0,0,"CWE-1004,CWE-79,CWE-90"
BenchmarkTest00949.java,1,CWE-22,CWE-23,0,1,0,0,0,"CWE-1004,CWE-23"
BenchmarkTest00950.java,1,CWE-22,CWE-23,0,1,0,0,0,"CWE-1004,CWE-23"
BenchmarkTest00951.java,0,CWE-22,,,0,0,1,0,CWE-1004
BenchmarkTest00952.java,1,CWE-22,CWE-23,0,1,0,0,0,"CWE-1004,CWE-23"
BenchmarkTest00953.java,1,CWE-22,CWE-23,0,1,0,0,0,"CWE-1004,CWE-23"
BenchmarkTest00954.java,0,CWE-22,CWE-23,0,0,1,0,0,"CWE-1004,CWE-23"
BenchmarkTest00955.java,0,CWE-22,,,0,0,1,0,CWE-1004
BenchmarkTest00956.java,1,CWE-22,CWE-23,0,1,0,0,0,"CWE-1004,CWE-23"
BenchmarkTest00957.java,0,CWE-22,CWE-23,0,0,1,0,0,"CWE-1004,CWE-23"
BenchmarkTest00958.java,0,CWE-22,CWE-23,0,0,1,0,0,"CWE-1004,CWE-23"
BenchmarkTest00959.java,1,CWE-90,CWE-90,1,1,0,0,0,"CWE-1004,CWE-79,CWE-90"
BenchmarkTest00960.java,1,CWE-330,CWE-330,1,1,0,0,0,"CWE-1004,CWE-330,CWE-798"
BenchmarkTest00961.java,1,CWE-328,CWE-916,0,1,0,0,0,"CWE-1004,CWE-916"
BenchmarkTest00962.java,0,CWE-328,,,0,0,1,0,CWE-1004
BenchmarkTest00963.java,1,CWE-328,CWE-916,0,1,0,0,0,"CWE-1004,CWE-916"
BenchmarkTest00964.java,0,CWE-328,,,0,0,1,0,CWE-1004
BenchmarkTest00965.java,0,CWE-328,,,0,0,1,0,CWE-1004
BenchmarkTest00966.java,0,CWE-328,,,0,0,1,0,CWE-1004
BenchmarkTest00967.java,0,CWE-328,,,0,0,1,0,CWE-1004
BenchmarkTest00968.java,1,CWE-78,CWE-78,1,1,0,0,0,"CWE-1004,CWE-78"
BenchmarkTest00969.java,0,CWE-78,,,0,0,1,0,CWE-1004
BenchmarkTest00970.java,0,CWE-78,,,0,0,1,0,CWE-1004
BenchmarkTest00971.java,1,CWE-330,CWE-330,1,1,0,0,0,"CWE-1004,CWE-330,CWE-798"
BenchmarkTest00972.java,1,CWE-330,CWE-330,1,1,0,0,0,"CWE-1004,CWE-330,CWE-798"
BenchmarkTest00973.java,1,CWE-330,CWE-330,1,1,0,0,0,"CWE-1004,CWE-330,CWE-798"
BenchmarkTest00974.java,1,CWE-330,CWE-330,1,1,0,0,0,"CWE-1004,CWE-330,CWE-798"
BenchmarkTest00975.java,1,CWE-330,CWE-330,1,1,0,0,0,"CWE-1004,CWE-330,CWE-798"
BenchmarkTest00976.java,1,CWE-330,CWE-330,1,1,0,0,0,"CWE-1004,CWE-330,CWE-798"
BenchmarkTest00977.java,1,CWE-614,CWE-614,1,1,0,0,0,"CWE-1004,CWE-113,CWE-614"
BenchmarkTest00978.java,0,CWE-78,,,0,0,1,0,CWE-1004
BenchmarkTest00979.java,1,CWE-78,CWE-78,1,1,0,0,0,"CWE-1004,CWE-78"
BenchmarkTest00980.java,0,CWE-78,CWE-78,1,0,1,0,0,"CWE-1004,CWE-78"
BenchmarkTest00981.java,1,CWE-78,CWE-78,1,1,0,0,0,"CWE-1004,CWE-78"
BenchmarkTest00982.java,0,CWE-78,CWE-78,1,0,1,0,0,"CWE-1004,CWE-78"
BenchmarkTest00983.java,1,CWE-78,CWE-78,1,1,0,0,0,"CWE-1004,CWE-78"
BenchmarkTest00984.java,0,CWE-330,,,0,0,1,0,"CWE-1004,CWE-798"
BenchmarkTest00985.java,0,CWE-330,,,0,0,1,0,"CWE-1004,CWE-798"
BenchmarkTest00986.java,0,CWE-330,,,0,0,1,0,"CWE-1004,CWE-798"
BenchmarkTest00987.java,0,CWE-330,,,0,0,1,0,"CWE-1004,CWE-798"
BenchmarkTest00988.java,0,CWE-330,,,0,0,1,0,"CWE-1004,CWE-798"
BenchmarkTest00989.java,0,CWE-330,,,0,0,1,0,"CWE-1004,CWE-798"
BenchmarkTest00990.java,0,CWE-330,,,0,0,1,0,"CWE-1004,CWE-798"
BenchmarkTest00996.java,1,CWE-89,CWE-89,1,1,0,0,0,"CWE-1004,CWE-89"
BenchmarkTest00997.java,1,CWE-89,CWE-89,1,1,0,0,0,"CWE-1004,CWE-89"
BenchmarkTest00998.java,1,CWE-89,CWE-89,1,1,0,0,0,"CWE-1004,CWE-89"
BenchmarkTest00999.java,0,CWE-89,,,0,0,1,0,CWE-1004
BenchmarkTest01000.java,1,CWE-89,CWE-89,1,1,0,0,0,"CWE-1004,CWE-89"
BenchmarkTest01001.java,0,CWE-89,,,0,0,1,0,CWE-1004
BenchmarkTest01002.java,1,CWE-89,CWE-89,1,1,0,0,0,"CWE-1004,CWE-89"
BenchmarkTest01003.java,1,CWE-89,CWE-89,1,1,0,0,0,"CWE-1004,CWE-89"
BenchmarkTest01004.java,1,CWE-89,CWE-89,1,1,0,0,0,"CWE-1004,CWE-89"
BenchmarkTest01005.java,1,CWE-89,CWE-89,1,1,0,0,0,"CWE-1004,CWE-89"
BenchmarkTest01006.java,1,CWE-89,CWE-89,1,1,0,0,0,"CWE-1004,CWE-89"
BenchmarkTest01007.java,1,CWE-89,CWE-89,1,1,0,0,0,"CWE-1004,CWE-89"
BenchmarkTest01008.java,1,CWE-89,CWE-89,1,1,0,0,0,"CWE-1004,CWE-89"
BenchmarkTest01009.java,1,CWE-89,CWE-89,1,1,0,0,0,"CWE-1004,CWE-89"
BenchmarkTest01010.java,0,CWE-89,CWE-89,1,0,1,0,0,"CWE-1004,CWE-89"
BenchmarkTest01011.java,1,CWE-89,CWE-89,1,1,0,0,0,"CWE-1004,CWE-89"
BenchmarkTest01012.java,0,CWE-89,CWE-89,1,0,1,0,0,"CWE-1004,CWE-89"
BenchmarkTest01013.java,0,CWE-643,,,0,0,1,0,CWE-1004
BenchmarkTest01014.java,0,CWE-643,CWE-643,1,0,1,0,0,"CWE-1004,CWE-643,CWE-79"
BenchmarkTest01015.java,1,CWE-327,CWE-327,1,1,0,0,0,"CWE-209,CWE-327"
BenchmarkTest01016.java,1,CWE-327,CWE-327,1,1,0,0,0,"CWE-209,CWE-327"
BenchmarkTest01017.java,1,CWE-327,CWE-327,1,1,0,0,0,"CWE-209,CWE-327"
BenchmarkTest01018.java,1,CWE-327,CWE-327,1,1,0,0,0,"CWE-209,CWE-327"
BenchmarkTest01019.java,0,CWE-327,,,0,0,1,0,CWE-209
BenchmarkTest01020.java,1,CWE-327,CWE-327,1,1,0,0,0,"CWE-209,CWE-327"
BenchmarkTest01021.java,0,CWE-327,,,0,0,1,0,CWE-209
BenchmarkTest01022.java,0,CWE-327,,,0,0,1,0,CWE-209
BenchmarkTest01023.java,1,CWE-90,CWE-90,1,1,0,0,0,"CWE-79,CWE-90"
BenchmarkTest01024.java,0,CWE-90,,,0,0,1,0,
BenchmarkTest01025.java,1,CWE-22,CWE-23,0,1,0,0,0,CWE-23
BenchmarkTest01026.java,0,CWE-22,,,0,0,1,0,
BenchmarkTest01027.java,0,CWE-22,,,0,0,1,0,
BenchmarkTest01028.java,0,CWE-22,CWE-23,0,0,1,0,0,CWE-23
BenchmarkTest01029.java,1,CWE-22,CWE-23,0,1,0,0,0,CWE-23
BenchmarkTest01030.java,0,CWE-22,CWE-23,0,0,1,0,0,CWE-23
BenchmarkTest01031.java,0,CWE-22,CWE-23,0,0,1,0,0,CWE-23
BenchmarkTest01032.java,1,CWE-22,CWE-23,0,1,0,0,0,CWE-23
BenchmarkTest01033.java,1,CWE-22,CWE-23,0,1,0,0,0,CWE-23
BenchmarkTest01034.java,1,CWE-22,CWE-23,0,1,0,0,0,CWE-23
BenchmarkTest01035.java,0,CWE-22,,,0,0,1,0,
BenchmarkTest01036.java,0,CWE-22,CWE-23,0,0,1,0,0,CWE-23
BenchmarkTest01037.java,0,CWE-328,,,0,0,1,0,
BenchmarkTest01038.java,1,CWE-328,CWE-916,0,1,0,0,0,CWE-916
BenchmarkTest01039.java,0,CWE-328,,,0,0,1,0,
BenchmarkTest01040.java,0,CWE-328,,,0,0,1,0,
BenchmarkTest01041.java,1,CWE-328,,,0,0,0,1,
BenchmarkTest01042.java,1,CWE-328,,,0,0,0,1,
BenchmarkTest01043.java,1,CWE-328,,,0,0,0,1,
BenchmarkTest01044.java,1,CWE-328,,,0,0,0,1,
BenchmarkTest01045.java,0,CWE-328,,,0,0,1,0,
BenchmarkTest01046.java,1,CWE-79,CWE-79,1,1,0,0,0,CWE-79
BenchmarkTest01047.java,1,CWE-79,CWE-79,1,1,0,0,0,CWE-79
BenchmarkTest01048.java,0,CWE-79,,,0,0,1,0,
BenchmarkTest01049.java,1,CWE-79,CWE-79,1,1,0,0,0,CWE-79
BenchmarkTest01050.java,1,CWE-79,CWE-79,1,1,0,0,0,CWE-79
BenchmarkTest01051.java,0,CWE-79,,,0,0,1,0,
BenchmarkTest01052.java,0,CWE-79,CWE-79,1,0,1,0,0,"CWE-134,CWE-79"
BenchmarkTest01053.java,0,CWE-79,,,0,0,1,0,
BenchmarkTest01054.java,0,CWE-79,,,0,0,1,0,
BenchmarkTest01055.java,1,CWE-79,CWE-79,1,1,0,0,0,CWE-79
BenchmarkTest01056.java,1,CWE-79,CWE-79,1,1,0,0,0,CWE-79
BenchmarkTest01057.java,1,CWE-79,CWE-79,1,1,0,0,0,CWE-79
BenchmarkTest01058.java,1,CWE-330,CWE-330,1,1,0,0,0,"CWE-330,CWE-798"
BenchmarkTest01059.java,1,CWE-330,CWE-330,1,1,0,0,0,"CWE-330,CWE-798"
BenchmarkTest01060.java,1,CWE-330,CWE-330,1,1,0,0,0,"CWE-330,CWE-798"
BenchmarkTest01061.java,1,CWE-614,CWE-614,1,1,0,0,0,"CWE-113,CWE-614"
BenchmarkTest01062.java,0,CWE-614,,,0,0,1,0,CWE-113
BenchmarkTest01063.java,1,CWE-79,CWE-79,1,1,0,0,0,CWE-79
BenchmarkTest01064.java,1,CWE-78,CWE-78,1,1,0,0,0,CWE-78
BenchmarkTest01065.java,0,CWE-78,,,0,0,1,0,
BenchmarkTest01066.java,1,CWE-78,CWE-78,1,1,0,0,0,CWE-78
BenchmarkTest01067.java,0,CWE-78,CWE-78,1,0,1,0,0,CWE-78
BenchmarkTest01068.java,0,CWE-78,,,0,0,1,0,
BenchmarkTest01069.java,0,CWE-330,,,0,0,1,0,CWE-798
BenchmarkTest01070.java,0,CWE-330,,,0,0,1,0,CWE-798
BenchmarkTest01071.java,0,CWE-330,,,0,0,1,0,CWE-798
BenchmarkTest01072.java,0,CWE-330,,,0,0,1,0,CWE-798
BenchmarkTest01073.java,0,CWE-330,,,0,0,1,0,CWE-798
BenchmarkTest01074.java,0,CWE-330,,,0,0,1,0,CWE-798
BenchmarkTest01075.java,0,CWE-330,,,0,0,1,0,CWE-798
BenchmarkTest01076.java,0,CWE-330,,,0,0,1,0,CWE-798
BenchmarkTest01077.java,0,CWE-330,,,0,0,1,0,CWE-798
BenchmarkTest01078.java,0,CWE-330,,,0,0,1,0,CWE-798
BenchmarkTest01079.java,0,CWE-330,,,0,0,1,0,CWE-798
BenchmarkTest01083.java,1,CWE-89,CWE-89,1,1,0,0,0,CWE-89
BenchmarkTest01084.java,1,CWE-89,CWE-89,1,1,0,0,0,CWE-89
BenchmarkTest01085.java,0,CWE-89,CWE-89,1,0,1,0,0,CWE-89
BenchmarkTest01086.java,0,CWE-89,,,0,0,1,0,
BenchmarkTest01087.java,1,CWE-89,CWE-89,1,1,0,0,0,CWE-89
BenchmarkTest01088.java,1,CWE-89,CWE-89,1,1,0,0,0,CWE-89
BenchmarkTest01089.java,0,CWE-89,CWE-89,1,0,1,0,0,CWE-89
BenchmarkTest01090.java,1,CWE-89,CWE-89,1,1,0,0,0,CWE-89
BenchmarkTest01091.java,1,CWE-89,CWE-89,1,1,0,0,0,CWE-89
BenchmarkTest01092.java,0,CWE-89,,,0,0,1,0,
BenchmarkTest01093.java,1,CWE-89,CWE-89,1,1,0,0,0,CWE-89
BenchmarkTest01094.java,1,CWE-89,CWE-89,1,1,0,0,0,CWE-89
BenchmarkTest01095.java,0,CWE-89,,,0,0,1,0,
BenchmarkTest01096.java,0,CWE-89,CWE-89,1,0,1,0,0,CWE-89
BenchmarkTest01097.java,1,CWE-89,CWE-89,1,1,0,0,0,CWE-89
BenchmarkTest01098.java,0,CWE-89,CWE-89,1,0,1,0,0,CWE-89
BenchmarkTest01099.java,1,CWE-327,CWE-327,1,1,0,0,0,"CWE-209,CWE-327"
BenchmarkTest01100.java,0,CWE-327,,,0,0,1,0,CWE-209
BenchmarkTest01101.java,0,CWE-327,,,0,0,1,0,CWE-209
BenchmarkTest01102.java,1,CWE-327,CWE-327,1,1,0,0,0,"CWE-209,CWE-327"
BenchmarkTest01103.java,1,CWE-327,CWE-327,1,1,0,0,0,"CWE-209,CWE-327"
BenchmarkTest01104.java,0,CWE-327,,,0,0,1,0,CWE-209
BenchmarkTest01105.java,1,CWE-327,CWE-327,1,1,0,0,0,"CWE-209,CWE-327"
BenchmarkTest01106.java,1,CWE-327,CWE-327,1,1,0,0,0,"CWE-209,CWE-327"
BenchmarkTest01107.java,1,CWE-327,CWE-327,1,1,0,0,0,"CWE-209,CWE-327"
BenchmarkTest01108.java,0,CWE-327,,,0,0,1,0,CWE-209
BenchmarkTest01109.java,0,CWE-22,,,0,0,1,0,
BenchmarkTest01110.java,0,CWE-22,CWE-23,0,0,1,0,0,CWE-23
BenchmarkTest01111.java,1,CWE-22,CWE-23,0,1,0,0,0,CWE-23
BenchmarkTest01112.java,1,CWE-22,CWE-23,0,1,0,0,0,CWE-23
BenchmarkTest01113.java,0,CWE-22,CWE-23,0,0,1,0,0,CWE-23
BenchmarkTest01114.java,0,CWE-22,,,0,0,1,0,
BenchmarkTest01115.java,0,CWE-22,,,0,0,1,0,
BenchmarkTest01116.java,1,CWE-22,CWE-23,0,1,0,0,0,CWE-23
BenchmarkTest01117.java,1,CWE-22,CWE-23,0,1,0,0,0,CWE-23
BenchmarkTest01118.java,0,CWE-22,CWE-23,0,0,1,0,0,CWE-23
BenchmarkTest01119.java,1,CWE-330,CWE-330,1,1,0,0,0,"CWE-330,CWE-798"
BenchmarkTest01120.java,0,CWE-328,,,0,0,1,0,
BenchmarkTest01121.java,0,CWE-328,,,0,0,1,0,
BenchmarkTest01122.java,0,CWE-328,,,0,0,1,0,
BenchmarkTest01123.java,1,CWE-328,CWE-916,0,1,0,0,0,CWE-916
BenchmarkTest01124.java,1,CWE-328,,,0,0,0,1,
BenchmarkTest01125.java,0,CWE-328,,,0,0,1,0,
BenchmarkTest01126.java,0,CWE-328,,,0,0,1,0,
BenchmarkTest01127.java,1,CWE-330,CWE-330,1,1,0,0,0,"CWE-330,CWE-798"
BenchmarkTest01128.java,1,CWE-330,CWE-330,1,1,0,0,0,"CWE-330,CWE-798"
BenchmarkTest01129.java,1,CWE-330,CWE-330,1,1,0,0,0,"CWE-330,CWE-798"
BenchmarkTest01130.java,1,CWE-330,CWE-330,1,1,0,0,0,"CWE-330,CWE-798"
BenchmarkTest01131.java,1,CWE-330,CWE-330,1,1,0,0,0,"CWE-330,CWE-798"
BenchmarkTest01132.java,1,CWE-330,CWE-330,1,1,0,0,0,"CWE-330,CWE-798"
BenchmarkTest01133.java,1,CWE-330,CWE-330,1,1,0,0,0,"CWE-330,CWE-798"
BenchmarkTest01134.java,1,CWE-614,CWE-614,1,1,0,0,0,"CWE-113,CWE-614"
BenchmarkTest01135.java,0,CWE-330,,,0,0,1,0,CWE-798
BenchmarkTest01136.java,0,CWE-330,,,0,0,1,0,CWE-798
BenchmarkTest01137.java,0,CWE-330,,,0,0,1,0,CWE-798
BenchmarkTest01138.java,0,CWE-330,,,0,0,1,0,CWE-798
BenchmarkTest01139.java,0,CWE-330,,,0,0,1,0,CWE-798
BenchmarkTest01140.java,0,CWE-330,,,0,0,1,0,CWE-798
BenchmarkTest01141.java,0,CWE-330,,,0,0,1,0,CWE-798
BenchmarkTest01147.java,0,CWE-327,,,0,0,1,0,CWE-209
BenchmarkTest01148.java,1,CWE-327,CWE-327,1,1,0,0,0,"CWE-209,CWE-327"
BenchmarkTest01149.java,1,CWE-327,CWE-327,1,1,0,0,0,"CWE-209,CWE-327"
BenchmarkTest01150.java,1,CWE-327,CWE-327,1,1,0,0,0,"CWE-209,CWE-327"
BenchmarkTest01151.java,0,CWE-327,,,0,0,1,0,CWE-209
BenchmarkTest01152.java,0,CWE-327,,,0,0,1,0,CWE-209
BenchmarkTest01153.java,0,CWE-327,,,0,0,1,0,CWE-209
BenchmarkTest01154.java,0,CWE-90,CWE-90,1,0,1,0,0,"CWE-79,CWE-90"
BenchmarkTest01155.java,1,CWE-22,CWE-23,0,1,0,0,0,CWE-23
BenchmarkTest01156.java,1,CWE-22,CWE-23,0,1,0,0,0,CWE-23
BenchmarkTest01157.java,1,CWE-22,CWE-23,0,1,0,0,0,CWE-23
BenchmarkTest01158.java,0,CWE-22,CWE-23,0,0,1,0,0,CWE-23
BenchmarkTest01159.java,0,CWE-22,,,0,0,1,0,
BenchmarkTest01160.java,0,CWE-22,,,0,0,1,0,
BenchmarkTest01161.java,1,CWE-22,CWE-23,0,1,0,0,0,CWE-23
BenchmarkTest01162.java,1,CWE-330,CWE-330,1,1,0,0,0,"CWE-330,CWE-798"
BenchmarkTest01163.java,1,CWE-330,CWE-330,1,1,0,0,0,"CWE-330,CWE-798"
BenchmarkTest01164.java,0,CWE-328,,,0,0,1,0,
BenchmarkTest01165.java,1,CWE-328,CWE-916,0,1,0,0,0,CWE-916
BenchmarkTest01166.java,1,CWE-328,CWE-916,0,1,0,0,0,CWE-916
BenchmarkTest01167.java,1,CWE-328,CWE-916,0,1,0,0,0,CWE-916
BenchmarkTest01168.java,1,CWE-328,,,0,0,0,1,
BenchmarkTest01169.java,0,CWE-328,,,0,0,1,0,
BenchmarkTest01170.java,0,CWE-328,,,0,0,1,0,
BenchmarkTest01171.java,1,CWE-79,CWE-79,1,1,0,0,0,CWE-79
BenchmarkTest01172.java,1,CWE-79,CWE-79,1,1,0,0,0,CWE-79
BenchmarkTest01173.java,1,CWE-79,CWE-79,1,1,0,0,0,CWE-79
BenchmarkTest01174.java,1,CWE-79,CWE-79,1,1,0,0,0,CWE-79
BenchmarkTest01175.java,0,CWE-79,,,0,0,1,0,
BenchmarkTest01176.java,0,CWE-79,CWE-79,1,0,1,0,0,CWE-79
BenchmarkTest01177.java,1,CWE-79,CWE-79,1,1,0,0,0,CWE-79
BenchmarkTest01178.java,1,CWE-79,CWE-79,1,1,0,0,0,CWE-79
BenchmarkTest01179.java,1,CWE-79,CWE-79,1,1,0,0,0,CWE-79
BenchmarkTest01180.java,0,CWE-79,CWE-79,1,0,1,0,0,CWE-79
BenchmarkTest01181.java,1,CWE-79,CWE-79,1,1,0,0,0,CWE-79
BenchmarkTest01182.java,0,CWE-78,CWE-78,1,0,1,0,0,CWE-78
BenchmarkTest01183.java,1,CWE-330,CWE-330,1,1,0,0,0,"CWE-330,CWE-798"
BenchmarkTest01184.java,1,CWE-330,CWE-330,1,1,0,0,0,"CWE-330,CWE-798"
BenchmarkTest01185.java,1,CWE-614,CWE-614,1,1,0,0,0,"CWE-113,CWE-614"
BenchmarkTest01186.java,1,CWE-614,CWE-614,1,1,0,0,0,"CWE-113,CWE-614"
BenchmarkTest01187.java,1,CWE-614,CWE-614,1,1,0,0,0,"CWE-113,CWE-614"
BenchmarkTest01188.java,0,CWE-79,,,0,0,1,0,
BenchmarkTest01189.java,0,CWE-78,,,0,0,1,0,
BenchmarkTest01190.java,1,CWE-78,CWE-78,1,1,0,0,0,CWE-78
BenchmarkTest01191.java,1,CWE-78,CWE-78,1,1,0,0,0,CWE-78
BenchmarkTest01192.java,1,CWE-78,CWE-78,1,1,0,0,0,CWE-78
BenchmarkTest01193.java,0,CWE-78,,,0,0,1,0,
BenchmarkTest01194.java,1,CWE-78,CWE-78,1,1,0,0,0,CWE-78
BenchmarkTest01195.java,0,CWE-330,,,0,0,1,0,CWE-798
BenchmarkTest01196.java,0,CWE-330,,,0,0,1,0,CWE-798
BenchmarkTest01197.java,0,CWE-330,,,0,0,1,0,CWE-798
BenchmarkTest01198.java,0,CWE-330,,,0,0,1,0,CWE-798
BenchmarkTest01199.java,0,CWE-330,,,0,0,1,0,CWE-798
BenchmarkTest01200.java,0,CWE-330,,,0,0,1,0,CWE-798
BenchmarkTest01201.java,0,CWE-330,,,0,0,1,0,CWE-798
BenchmarkTest01202.java,0,CWE-330,,,0,0,1,0,CWE-798
BenchmarkTest01208.java,1,CWE-89,CWE-89,1,1,0,0,0,CWE-89
BenchmarkTest01209.java,1,CWE-89,CWE-89,1,1,0,0,0,CWE-89
BenchmarkTest01210.java,1,CWE-89,CWE-89,1,1,0,0,0,CWE-89
BenchmarkTest01211.java,1,CWE-89,CWE-89,1,1,0,0,0,CWE-89
BenchmarkTest01212.java,0,CWE-89,CWE-89,1,0,1,0,0,CWE-89
BenchmarkTest01213.java,0,CWE-89,,,0,0,1,0,
BenchmarkTest01214.java,1,CWE-89,CWE-89,1,1,0,0,0,CWE-89
BenchmarkTest01215.java,0,CWE-89,CWE-89,1,0,1,0,0,CWE-89
BenchmarkTest01216.java,0,CWE-89,CWE-89,1,0,1,0,0,CWE-89
BenchmarkTest01217.java,0,CWE-89,,,0,0,1,0,
BenchmarkTest01218.java,0,CWE-89,,,0,0,1,0,
BenchmarkTest01219.java,0,CWE-89,CWE-89,1,0,1,0,0,CWE-89
BenchmarkTest01220.java,0,CWE-89,,,0,0,1,0,
BenchmarkTest01221.java,1,CWE-89,CWE-89,1,1,0,0,0,CWE-89
BenchmarkTest01222.java,1,CWE-89,CWE-89,1,1,0,0,0,CWE-89
BenchmarkTest01223.java,1,CWE-643,CWE-643,1,1,0,0,0,"CWE-643,CWE-79"
BenchmarkTest01224.java,1,CWE-643,CWE-643,1,1,0,0,0,"CWE-643,CWE-79"
BenchmarkTest01225.java,0,CWE-643,,,0,0,1,0,
BenchmarkTest01226.java,0,CWE-327,,,0,0,1,0,CWE-209
BenchmarkTest01227.java,0,CWE-327,,,0,0,1,0,CWE-209
BenchmarkTest01228.java,1,CWE-327,CWE-327,1,1,0,0,0,"CWE-209,CWE-327"
BenchmarkTest01229.java,1,CWE-327,CWE-327,1,1,0,0,0,"CWE-209,CWE-327"
BenchmarkTest01230.java,1,CWE-327,CWE-327,1,1,0,0,0,"CWE-209,CWE-327"
BenchmarkTest01231.java,1,CWE-22,CWE-23,0,1,0,0,0,CWE-23
BenchmarkTest01232.java,1,CWE-22,CWE-23,0,1,0,0,0,CWE-23
BenchmarkTest01233.java,0,CWE-22,CWE-23,0,0,1,0,0,CWE-23
BenchmarkTest01234.java,1,CWE-22,CWE-23,0,1,0,0,0,CWE-23
BenchmarkTest01235.java,1,CWE-22,CWE-23,0,1,0,0,0,CWE-23
BenchmarkTest01236.java,1,CWE-22,CWE-23,0,1,0,0,0,CWE-23
BenchmarkTest01237.java,0,CWE-22,,,0,0,1,0,
BenchmarkTest01238.java,1,CWE-22,CWE-23,0,1,0,0,0,CWE-23
BenchmarkTest01239.java,0,CWE-22,CWE-23,0,0,1,0,0,CWE-23
BenchmarkTest01240.java,0,CWE-22,CWE-23,0,0,1,0,0,CWE-23
BenchmarkTest01241.java,1,CWE-90,CWE-90,1,1,0,0,0,"CWE-79,CWE-90"
BenchmarkTest01242.java,1,CWE-90,CWE-90,1,1,0,0,0,"CWE-79,CWE-90"
BenchmarkTest01243.java,1,CWE-90,CWE-90,1,1,0,0,0,"CWE-79,CWE-90"
BenchmarkTest01244.java,1,CWE-328,CWE-916,0,1,0,0,0,CWE-916
BenchmarkTest01245.java,0,CWE-328,,,0,0,1,0,
BenchmarkTest01246.java,1,CWE-328,CWE-916,0,1,0,0,0,CWE-916
BenchmarkTest01247.java,1,CWE-328,CWE-916,0,1,0,0,0,CWE-916
BenchmarkTest01248.java,1,CWE-328,,,0,0,0,1,
BenchmarkTest01249.java,0,CWE-328,,,0,0,1,0,
BenchmarkTest01250.java,0,CWE-328,,,0,0,1,0,
BenchmarkTest01251.java,0,CWE-79,,,0,0,1,0,
BenchmarkTest01252.java,0,CWE-79,CWE-79,1,0,1,0,0,CWE-79
BenchmarkTest01253.java,1,CWE-79,CWE-79,1,1,0,0,0,CWE-79
BenchmarkTest01254.java,1,CWE-79,CWE-79,1,1,0,0,0,CWE-79
BenchmarkTest01255.java,0,CWE-79,,,0,0,1,0,
BenchmarkTest01256.java,0,CWE-79,CWE-79,1,0,1,0,0,CWE-79
BenchmarkTest01257.java,1,CWE-79,CWE-79,1,1,0,0,0,CWE-79
BenchmarkTest01258.java,1,CWE-79,CWE-79,1,1,0,0,0,CWE-79
BenchmarkTest01259.java,1,CWE-79,CWE-79,1,1,0,0,0,CWE-79
BenchmarkTest01260.java,1,CWE-79,CWE-79,1,1,0,0,0,CWE-79
BenchmarkTest01261.java,1,CWE-79,CWE-79,1,1,0,0,0,CWE-79
BenchmarkTest01262.java,1,CWE-79,CWE-79,1,1,0,0,0,CWE-79
BenchmarkTest01263.java,1,CWE-79,CWE-79,1,1,0,0,0,CWE-79
BenchmarkTest01264.java,0,CWE-79,,,0,0,1,0,
BenchmarkTest01265.java,0,CWE-79,,,0,0,1,0,
BenchmarkTest01266.java,1,CWE-79,CWE-79,1,1,0,0,0,CWE-79
BenchmarkTest01267.java,1,CWE-79,CWE-79,1,1,0,0,0,CWE-79
BenchmarkTest01268.java,1,CWE-79,CWE-79,1,1,0,0,0,CWE-79
BenchmarkTest01269.java,0,CWE-78,,,0,0,1,0,
BenchmarkTest01270.java,1,CWE-78,CWE-78,1,1,0,0,0,CWE-78
BenchmarkTest01271.java,1,CWE-330,CWE-330,1,1,0,0,0,"CWE-330,CWE-798"
BenchmarkTest01272.java,1,CWE-330,CWE-330,1,1,0,0,0,"CWE-330,CWE-798"
BenchmarkTest01273.java,1,CWE-330,CWE-330,1,1,0,0,0,"CWE-330,CWE-798"
BenchmarkTest01274.java,1,CWE-330,CWE-330,1,1,0,0,0,"CWE-330,CWE-798"
BenchmarkTest01275.java,1,CWE-330,CWE-330,1,1,0,0,0,"CWE-330,CWE-798"
BenchmarkTest01276.java,1,CWE-330,CWE-330,1,1,0,0,0,"CWE-330,CWE-798"
BenchmarkTest01277.java,1,CWE-330,CWE-330,1,1,0,0,0,"CWE-330,CWE-798"
BenchmarkTest01278.java,1,CWE-330,CWE-330,1,1,0,0,0,"CWE-330,CWE-798"
BenchmarkTest01279.java,1,CWE-330,CWE-330,1,1,0,0,0,"CWE-330,CWE-798"
BenchmarkTest01280.java,1,CWE-614,CWE-614,1,1,0,0,0,"CWE-113,CWE-614"
BenchmarkTest01281.java,1,CWE-614,CWE-614,1,1,0,0,0,"CWE-113,CWE-614"
BenchmarkTest01282.java,1,CWE-614,CWE-614,1,1,0,0,0,"CWE-113,CWE-614"
BenchmarkTest01283.java,1,CWE-614,CWE-614,1,1,0,0,0,"CWE-113,CWE-614"
BenchmarkTest01284.java,1,CWE-79,CWE-79,1,1,0,0,0,CWE-79
BenchmarkTest01285.java,1,CWE-78,CWE-78,1,1,0,0,0,CWE-78
BenchmarkTest01286.java,1,CWE-78,CWE-78,1,1,0,0,0,CWE-78
BenchmarkTest01287.java,1,CWE-78,CWE-78,1,1,0,0,0,CWE-78
BenchmarkTest01288.java,1,CWE-78,CWE-78,1,1,0,0,0,CWE-78
BenchmarkTest01289.java,0,CWE-78,CWE-78,1,0,1,0,0,CWE-78
BenchmarkTest01290.java,0,CWE-78,,,0,0,1,0,
BenchmarkTest01291.java,0,CWE-330,,,0,0,1,0,CWE-798
BenchmarkTest01292.java,0,CWE-330,,,0,0,1,0,CWE-798
BenchmarkTest01293.java,0,CWE-330,,,0,0,1,0,CWE-798
BenchmarkTest01294.java,0,CWE-330,,,0,0,1,0,CWE-798
BenchmarkTest01295.java,0,CWE-330,,,0,0,1,0,CWE-798
BenchmarkTest01296.java,0,CWE-330,,,0,0,1,0,CWE-798
BenchmarkTest01297.java,0,CWE-330,,,0,0,1,0,CWE-798
BenchmarkTest01298.java,0,CWE-330,,,0,0,1,0,CWE-798
BenchmarkTest01301.java,0,CWE-89,,,0,0,1,0,
BenchmarkTest01302.java,1,CWE-89,CWE-89,1,1,0,0,0,CWE-89
BenchmarkTest01303.java,0,CWE-89,CWE-89,1,0,1,0,0,CWE-89
BenchmarkTest01304.java,1,CWE-89,CWE-89,1,1,0,0,0,CWE-89
BenchmarkTest01305.java,0,CWE-89,,,0,0,1,0,
BenchmarkTest01306.java,1,CWE-89,CWE-89,1,1,0,0,0,CWE-89
BenchmarkTest01307.java,0,CWE-89,,,0,0,1,0,
BenchmarkTest01308.java,1,CWE-89,CWE-89,1,1,0,0,0,CWE-89
BenchmarkTest01309.java,0,CWE-89,,,0,0,1,0,
BenchmarkTest01310.java,0,CWE-89,CWE-89,1,0,1,0,0,CWE-89
BenchmarkTest01311.java,1,CWE-89,CWE-89,1,1,0,0,0,CWE-89
BenchmarkTest01312.java,1,CWE-89,CWE-89,1,1,0,0,0,CWE-89
BenchmarkTest01313.java,1,CWE-89,CWE-89,1,1,0,0,0,CWE-89
BenchmarkTest01314.java,1,CWE-89,CWE-89,1,1,0,0,0,CWE-89
BenchmarkTest01315.java,0,CWE-89,,,0,0,1,0,
BenchmarkTest01316.java,1,CWE-643,CWE-643,1,1,0,0,0,"CWE-643,CWE-79"
BenchmarkTest01317.java,1,CWE-327,CWE-327,1,1,0,0,0,"CWE-209,CWE-327"
BenchmarkTest01318.java,1,CWE-327,CWE-327,1,1,0,0,0,"CWE-209,CWE-327"
BenchmarkTest01319.java,0,CWE-327,,,0,0,1,0,CWE-209
BenchmarkTest01320.java,1,CWE-327,CWE-327,1,1,0,0,0,"CWE-209,CWE-327"
BenchmarkTest01321.java,0,CWE-327,,,0,0,1,0,CWE-209
BenchmarkTest01322.java,1,CWE-327,CWE-327,1,1,0,0,0,"CWE-209,CWE-327"
BenchmarkTest01323.java,1,CWE-327,CWE-327,1,1,0,0,0,"CWE-209,CWE-327"
BenchmarkTest01324.java,0,CWE-327,,,0,0,1,0,CWE-209
BenchmarkTest01325.java,1,CWE-327,CWE-327,1,1,0,0,0,"CWE-209,CWE-327"
BenchmarkTest01326.java,1,CWE-90,CWE-90,1,1,0,0,0,"CWE-79,CWE-90"
BenchmarkTest01327.java,0,CWE-90,CWE-90,1,0,1,0,0,"CWE-79,CWE-90"
BenchmarkTest01328.java,0,CWE-22,,,0,0,1,0,
BenchmarkTest01329.java,1,CWE-22,CWE-23,0,1,0,0,0,CWE-23
BenchmarkTest01330.java,1,CWE-22,CWE-23,0,1,0,0,0,CWE-23
BenchmarkTest01331.java,0,CWE-22,CWE-23,0,0,1,0,0,CWE-23
BenchmarkTest01332.java,0,CWE-328,,,0,0,1,0,
BenchmarkTest01333.java,1,CWE-328,CWE-916,0,1,0,0,0,CWE-916
BenchmarkTest01334.java,1,CWE-328,CWE-916,0,1,0,0,0,CWE-916
BenchmarkTest01335.java,1,CWE-79,CWE-79,1,1,0,0,0,CWE-79
BenchmarkTest01336.java,0,CWE-79,,,0,0,1,0,
BenchmarkTest01337.java,1,CWE-79,CWE-79,1,1,0,0,0,CWE-79
BenchmarkTest01338.java,0,CWE-79,CWE-79,1,0,1,0,0,CWE-79
BenchmarkTest01339.java,0,CWE-79,,,0,0,1,0,
BenchmarkTest01340.java,0,CWE-79,CWE-79,1,0,1,0,0,CWE-79
BenchmarkTest01341.java,0,CWE-79,,,0,0,1,0,
BenchmarkTest01342.java,0,CWE-79,,,0,0,1,0,
BenchmarkTest01343.java,0,CWE-79,CWE-79,1,0,1,0,0,CWE-79
BenchmarkTest01344.java,0,CWE-79,CWE-79,1,0,1,0,0,CWE-79
BenchmarkTest01345.java,0,CWE-79,,,0,0,1,0,
BenchmarkTest01346.java,1,CWE-79,CWE-79,1,1,0,0,0,CWE-79
BenchmarkTest01347.java,1,CWE-79,CWE-79,1,1,0,0,0,CWE-79
BenchmarkTest01348.java,0,CWE-79,,,0,0,1,0,
BenchmarkTest01349.java,1,CWE-79,CWE-79,1,1,0,0,0,CWE-79
BenchmarkTest01350.java,1,CWE-79,CWE-79,1,1,0,0,0,CWE-79
BenchmarkTest01351.java,0,CWE-79,,,0,0,1,0,
BenchmarkTest01352.java,0,CWE-79,,,0,0,1,0,
BenchmarkTest01353.java,0,CWE-78,CWE-78,1,0,1,0,0,CWE-78
BenchmarkTest01354.java,1,CWE-330,CWE-330,1,1,0,0,0,"CWE-330,CWE-798"
BenchmarkTest01355.java,1,CWE-330,CWE-330,1,1,0,0,0,"CWE-330,CWE-798"
BenchmarkTest01356.java,1,CWE-330,CWE-330,1,1,0,0,0,"CWE-330,CWE-798"
BenchmarkTest01357.java,1,CWE-330,CWE-330,1,1,0,0,0,"CWE-330,CWE-798"
BenchmarkTest01358.java,1,CWE-330,CWE-330,1,1,0,0,0,"CWE-330,CWE-798"
BenchmarkTest01359.java,0,CWE-614,,,0,0,1,0,CWE-113
BenchmarkTest01360.java,1,CWE-78,CWE-78,1,1,0,0,0,CWE-78
BenchmarkTest01361.java,1,CWE-78,CWE-78,1,1,0,0,0,CWE-78
BenchmarkTest01362.java,1,CWE-78,CWE-78,1,1,0,0,0,CWE-78
BenchmarkTest01363.java,1,CWE-78,CWE-78,1,1,0,0,0,CWE-78
BenchmarkTest01364.java,0,CWE-78,,,0,0,1,0,
BenchmarkTest01365.java,0,CWE-78,,,0,0,1,0,
BenchmarkTest01366.java,0,CWE-330,,,0,0,1,0,CWE-798
BenchmarkTest01367.java,0,CWE-330,,,0,0,1,0,CWE-798
BenchmarkTest01368.java,0,CWE-330,,,0,0,1,0,CWE-798
BenchmarkTest01369.java,0,CWE-330,,,0,0,1,0,CWE-798
BenchmarkTest01370.java,0,CWE-330,,,0,0,1,0,CWE-798
BenchmarkTest01371.java,0,CWE-330,,,0,0,1,0,CWE-798
BenchmarkTest01372.java,0,CWE-330,,,0,0,1,0,CWE-798
BenchmarkTest01373.java,0,CWE-330,,,0,0,1,0,CWE-798
BenchmarkTest01378.java,0,CWE-89,,,0,0,1,0,
BenchmarkTest01379.java,1,CWE-89,CWE-89,1,1,0,0,0,CWE-89
BenchmarkTest01380.java,0,CWE-89,,,0,0,1,0,
BenchmarkTest01381.java,1,CWE-89,CWE-89,1,1,0,0,0,CWE-89
BenchmarkTest01382.java,1,CWE-89,CWE-89,1,1,0,0,0,CWE-89
BenchmarkTest01383.java,1,CWE-89,CWE-89,1,1,0,0,0,CWE-89
BenchmarkTest01384.java,1,CWE-89,CWE-89,1,1,0,0,0,CWE-89
BenchmarkTest01385.java,0,CWE-89,CWE-89,1,0,1,0,0,CWE-89
BenchmarkTest01386.java,0,CWE-89,CWE-89,1,0,1,0,0,CWE-89
BenchmarkTest01387.java,0,CWE-89,,,0,0,1,0,
BenchmarkTest01388.java,1,CWE-89,CWE-89,1,1,0,0,0,CWE-89
BenchmarkTest01389.java,0,CWE-89,CWE-89,1,0,1,0,0,CWE-89
BenchmarkTest01390.java,1,CWE-89,CWE-89,1,1,0,0,0,CWE-89
BenchmarkTest01391.java,1,CWE-89,CWE-89,1,1,0,0,0,CWE-89
BenchmarkTest01392.java,0,CWE-89,,,0,0,1,0,
BenchmarkTest01393.java,0,CWE-89,,,0,0,1,0,
BenchmarkTest01394.java,1,CWE-89,CWE-89,1,1,0,0,0,CWE-89
BenchmarkTest01395.java,1,CWE-89,CWE-89,1,1,0,0,0,CWE-89
BenchmarkTest01396.java,1,CWE-89,CWE-89,1,1,0,0,0,CWE-89
BenchmarkTest01397.java,0,CWE-643,,,0,0,1,0,
BenchmarkTest01398.java,1,CWE-327,CWE-327,1,1,0,0,0,"CWE-209,CWE-327"
BenchmarkTest01399.java,0,CWE-327,,,0,0,1,0,CWE-209
BenchmarkTest01400.java,0,CWE-327,,,0,0,1,0,CWE-209
BenchmarkTest01401.java,0,CWE-327,,,0,0,1,0,CWE-209
BenchmarkTest01402.java,0,CWE-90,,,0,0,1,0,
BenchmarkTest01403.java,1,CWE-22,CWE-23,0,1,0,0,0,CWE-23
BenchmarkTest01404.java,0,CWE-22,,,0,0,1,0,
BenchmarkTest01405.java,1,CWE-22,CWE-23,0,1,0,0,0,CWE-23
BenchmarkTest01406.java,0,CWE-22,CWE-23,0,0,1,0,0,CWE-23
BenchmarkTest01407.java,0,CWE-22,,,0,0,1,0,
BenchmarkTest01408.java,1,CWE-22,CWE-23,0,1,0,0,0,CWE-23
BenchmarkTest01409.java,0,CWE-22,CWE-23,0,0,1,0,0,CWE-23
BenchmarkTest01410.java,0,CWE-328,,,0,0,1,0,
BenchmarkTest01411.java,1,CWE-328,CWE-916,0,1,0,0,0,CWE-916
BenchmarkTest01412.java,0,CWE-328,,,0,0,1,0,
BenchmarkTest01413.java,0,CWE-328,,,0,0,1,0,
BenchmarkTest01414.java,1,CWE-328,,,0,0,0,1,
BenchmarkTest01415.java,1,CWE-328,,,0,0,0,1,
BenchmarkTest01416.java,1,CWE-328,,,0,0,0,1,
BenchmarkTest01417.java,1,CWE-79,CWE-79,1,1,0,0,0,CWE-79
BenchmarkTest01418.java,1,CWE-79,CWE-79,1,1,0,0,0,CWE-79
BenchmarkTest01419.java,0,CWE-79,,,0,0,1,0,
BenchmarkTest01420.java,0,CWE-79,,,0,0,1,0,
BenchmarkTest01421.java,0,CWE-79,,,0,0,1,0,
BenchmarkTest01422.java,0,CWE-79,CWE-79,1,0,1,0,0,CWE-79
BenchmarkTest01423.java,1,CWE-79,CWE-79,1,1,0,0,0,CWE-79
BenchmarkTest01424.java,1,CWE-79,CWE-79,1,1,0,0,0,CWE-79
BenchmarkTest01425.java,0,CWE-79,CWE-79,1,0,1,0,0,CWE-79
BenchmarkTest01426.java,1,CWE-79,CWE-79,1,1,0,0,0,CWE-79
BenchmarkTest01427.java,1,CWE-79,CWE-79,1,1,0,0,0,CWE-79
BenchmarkTest01428.java,1,CWE-79,CWE-79,1,1,0,0,0,CWE-79
BenchmarkTest01429.java,1,CWE-79,CWE-79,1,1,0,0,0,CWE-79
BenchmarkTest01430.java,1,CWE-78,CWE-78,1,1,0,0,0,CWE-78
BenchmarkTest01431.java,1,CWE-330,CWE-330,1,1,0,0,0,"CWE-330,CWE-798"
BenchmarkTest01432.java,1,CWE-330,CWE-330,1,1,0,0,0,"CWE-330,CWE-798"
BenchmarkTest01433.java,1,CWE-330,CWE-330,1,1,0,0,0,"CWE-330,CWE-798"
BenchmarkTest01434.java,1,CWE-330,CWE-330,1,1,0,0,0,"CWE-330,CWE-798"
BenchmarkTest01435.java,1,CWE-330,CWE-330,1,1,0,0,0,"CWE-330,CWE-798"
BenchmarkTest01436.java,0,CWE-614,,,0,0,1,0,CWE-113
BenchmarkTest01437.java,1,CWE-79,CWE-79,1,1,0,0,0,CWE-79
BenchmarkTest01438.java,1,CWE-79,CWE-79,1,1,0,0,0,CWE-79
BenchmarkTest01439.java,0,CWE-79,CWE-79,1,0,1,0,0,CWE-79
BenchmarkTest01440.java,0,CWE-78,,,0,0,1,0,
BenchmarkTest01441.java,1,CWE-78,CWE-78,1,1,0,0,0,CWE-78
BenchmarkTest01442.java,1,CWE-78,CWE-78,1,1,0,0,0,CWE-78
BenchmarkTest01443.java,0,CWE-78,,,0,0,1,0,
BenchmarkTest01444.java,0,CWE-78,CWE-78,1,0,1,0,0,CWE-78
BenchmarkTest01445.java,0,CWE-78,CWE-78,1,0,1,0,0,CWE-78
BenchmarkTest01446.java,1,CWE-78,CWE-78,1,1,0,0,0,CWE-78
BenchmarkTest01447.java,0,CWE-330,,,0,0,1,0,CWE-798
BenchmarkTest01448.java,0,CWE-330,,,0,0,1,0,CWE-798
BenchmarkTest01449.java,0,CWE-330,,,0,0,1,0,CWE-798
BenchmarkTest01450.java,0,CWE-330,,,0,0,1,0,CWE-798
BenchmarkTest01451.java,0,CWE-330,,,0,0,1,0,CWE-798
BenchmarkTest01452.java,0,CWE-330,,,0,0,1,0,CWE-798
BenchmarkTest01453.java,0,CWE-330,,,0,0,1,0,CWE-798
BenchmarkTest01459.java,0,CWE-89,CWE-89,1,0,1,0,0,CWE-89
BenchmarkTest01460.java,1,CWE-89,CWE-89,1,1,0,0,0,CWE-89
BenchmarkTest01461.java,0,CWE-89,CWE-89,1,0,1,0,0,CWE-89
BenchmarkTest01462.java,1,CWE-89,CWE-89,1,1,0,0,0,CWE-89
BenchmarkTest01463.java,1,CWE-89,CWE-89,1,1,0,0,0,CWE-89
BenchmarkTest01464.java,1,CWE-89,CWE-89,1,1,0,0,0,CWE-89
BenchmarkTest01465.java,1,CWE-89,CWE-89,1,1,0,0,0,CWE-89
BenchmarkTest01466.java,1,CWE-89,CWE-89,1,1,0,0,0,CWE-89
BenchmarkTest01467.java,0,CWE-89,CWE-89,1,0,1,0,0,CWE-89
BenchmarkTest01468.java,0,CWE-89,,,0,0,1,0,
BenchmarkTest01469.java,0,CWE-89,,,0,0,1,0,
BenchmarkTest01470.java,1,CWE-89,CWE-89,1,1,0,0,0,CWE-89
BenchmarkTest01471.java,1,CWE-89,CWE-89,1,1,0,0,0,CWE-89
BenchmarkTest01472.java,0,CWE-89,,,0,0,1,0,
BenchmarkTest01473.java,1,CWE-89,CWE-89,1,1,0,0,0,CWE-89
BenchmarkTest01474.java,1,CWE-89,CWE-89,1,1,0,0,0,CWE-89
BenchmarkTest01475.java,1,CWE-89,CWE-89,1,1,0,0,0,CWE-89
BenchmarkTest01476.java,1,CWE-89,CWE-89,1,1,0,0,0,CWE-89
BenchmarkTest01477.java,1,CWE-89,CWE-89,1,1,0,0,0,CWE-89
BenchmarkTest01478.java,1,CWE-643,CWE-643,1,1,0,0,0,"CWE-643,CWE-79"
BenchmarkTest01479.java,0,CWE-643,,,0,0,1,0,
BenchmarkTest01480.java,1,CWE-327,CWE-327,1,1,0,0,0,"CWE-209,CWE-327"
BenchmarkTest01481.java,0,CWE-327,,,0,0,1,0,CWE-209
BenchmarkTest01482.java,0,CWE-327,,,0,0,1,0,CWE-209
BenchmarkTest01483.java,1,CWE-327,CWE-327,1,1,0,0,0,"CWE-209,CWE-327"
BenchmarkTest01484.java,1,CWE-327,CWE-327,1,1,0,0,0,"CWE-209,CWE-327"
BenchmarkTest01485.java,0,CWE-327,,,0,0,1,0,CWE-209
BenchmarkTest01486.java,1,CWE-327,CWE-327,1,1,0,0,0,"CWE-209,CWE-327"
BenchmarkTest01487.java,0,CWE-327,,,0,0,1,0,CWE-209
BenchmarkTest01488.java,0,CWE-327,,,0,0,1,0,CWE-209
BenchmarkTest01489.java,1,CWE-327,CWE-327,1,1,0,0,0,"CWE-209,CWE-327"
BenchmarkTest01490.java,1,CWE-90,,,0,0,0,1,
BenchmarkTest01491.java,0,CWE-90,,,0,0,1,0,
BenchmarkTest01492.java,0,CWE-90,,,0,0,1,0,
BenchmarkTest01493.java,0,CWE-22,,,0,0,1,0,
BenchmarkTest01494.java,1,CWE-22,,,0,0,0,1,
BenchmarkTest01495.java,1,CWE-22,,,0,0,0,1,
BenchmarkTest01496.java,1,CWE-22,,,0,0,0,1,
BenchmarkTest01497.java,1,CWE-22,,,0,0,0,1,
BenchmarkTest01498.java,1,CWE-22,,,0,0,0,1,
BenchmarkTest01499.java,0,CWE-22,,,0,0,1,0,
BenchmarkTest01500.java,1,CWE-22,,,0,0,0,1,
BenchmarkTest01501.java,1,CWE-90,,,0,0,0,1,
BenchmarkTest01502.java,1,CWE-330,CWE-330,1,1,0,0,0,"CWE-330,CWE-798"
BenchmarkTest01503.java,1,CWE-328,CWE-916,0,1,0,0,0,CWE-916
BenchmarkTest01504.java,1,CWE-328,CWE-916,0,1,0,0,0,CWE-916
BenchmarkTest01505.java,1,CWE-79,,,0,0,0,1,
BenchmarkTest01506.java,1,CWE-79,,,0,0,0,1,
BenchmarkTest01507.java,1,CWE-79,,,0,0,0,1,
BenchmarkTest01508.java,0,CWE-79,,,0,0,1,0,
BenchmarkTest01509.java,1,CWE-79,,,0,0,0,1,
BenchmarkTest01510.java,1,CWE-79,,,0,0,0,1,
BenchmarkTest01511.java,1,CWE-79,,,0,0,0,1,
BenchmarkTest01512.java,1,CWE-79,,,0,0,0,1,
BenchmarkTest01513.java,0,CWE-79,,,0,0,1,0,
BenchmarkTest01514.java,0,CWE-79,,,0,0,1,0,
BenchmarkTest01515.java,0,CWE-79,,,0,0,1,0,
BenchmarkTest01516.java,0,CWE-78,,,0,0,1,0,
BenchmarkTest01517.java,1,CWE-78,,,0,0,0,1,
BenchmarkTest01518.java,1,CWE-330,CWE-330,1,1,0,0,0,"CWE-330,CWE-798"
BenchmarkTest01519.java,1,CWE-330,CWE-330,1,1,0,0,0,"CWE-330,CWE-798"
BenchmarkTest01520.java,1,CWE-330,CWE-330,1,1,0,0,0,"CWE-330,CWE-798"
BenchmarkTest01521.java,1,CWE-614,CWE-614,1,1,0,0,0,CWE-614
BenchmarkTest01522.java,0,CWE-614,,,0,0,1,0,
BenchmarkTest01523.java,0,CWE-614,,,0,0,1,0,
BenchmarkTest01524.java,0,CWE-614,,,0,0,1,0,
BenchmarkTest01525.java,1,CWE-79,,,0,0,0,1,
BenchmarkTest01526.java,0,CWE-78,,,0,0,1,0,
BenchmarkTest01527.java,0,CWE-78,,,0,0,1,0,
BenchmarkTest01528.java,0,CWE-78,,,0,0,1,0,
BenchmarkTest01529.java,0,CWE-78,,,0,0,1,0,
BenchmarkTest01530.java,0,CWE-78,,,0,0,1,0,
BenchmarkTest01531.java,1,CWE-78,,,0,0,0,1,
BenchmarkTest01532.java,0,CWE-78,,,0,0,1,0,
BenchmarkTest01533.java,1,CWE-78,,,0,0,0,1,
BenchmarkTest01534.java,0,CWE-330,,,0,0,1,0,CWE-798
BenchmarkTest01535.java,0,CWE-330,,,0,0,1,0,CWE-798
BenchmarkTest01536.java,0,CWE-330,,,0,0,1,0,CWE-798
BenchmarkTest01537.java,0,CWE-330,,,0,0,1,0,CWE-798
BenchmarkTest01538.java,0,CWE-330,,,0,0,1,0,CWE-798
BenchmarkTest01539.java,0,CWE-330,,,0,0,1,0,CWE-798
BenchmarkTest01540.java,0,CWE-330,,,0,0,1,0,CWE-798
BenchmarkTest01541.java,0,CWE-330,,,0,0,1,0,CWE-798
BenchmarkTest01542.java,0,CWE-330,,,0,0,1,0,CWE-798
BenchmarkTest01543.java,0,CWE-330,,,0,0,1,0,CWE-798
BenchmarkTest01544.java,0,CWE-330,,,0,0,1,0,CWE-798
BenchmarkTest01545.java,0,CWE-330,,,0,0,1,0,CWE-798
BenchmarkTest01552.java,1,CWE-89,,,0,0,0,1,
BenchmarkTest01553.java,0,CWE-89,,,0,0,1,0,
BenchmarkTest01554.java,1,CWE-89,,,0,0,0,1,
BenchmarkTest01555.java,0,CWE-89,,,0,0,1,0,
BenchmarkTest01556.java,0,CWE-89,,,0,0,1,0,
BenchmarkTest01557.java,1,CWE-89,,,0,0,0,1,
BenchmarkTest01558.java,1,CWE-89,,,0,0,0,1,
BenchmarkTest01559.java,1,CWE-89,,,0,0,0,1,
BenchmarkTest01560.java,1,CWE-89,,,0,0,0,1,
BenchmarkTest01561.java,1,CWE-643,,,0,0,0,1,
BenchmarkTest01562.java,0,CWE-643,,,0,0,1,0,
BenchmarkTest01563.java,0,CWE-327,,,0,0,1,0,CWE-209
BenchmarkTest01564.java,0,CWE-327,,,0,0,1,0,CWE-209
BenchmarkTest01565.java,1,CWE-327,CWE-327,1,1,0,0,0,"CWE-209,CWE-327"
BenchmarkTest01566.java,1,CWE-327,CWE-327,1,1,0,0,0,"CWE-209,CWE-327"
BenchmarkTest01567.java,0,CWE-327,,,0,0,1,0,CWE-209
BenchmarkTest01568.java,1,CWE-90,CWE-90,1,1,0,0,0,"CWE-79,CWE-90"
BenchmarkTest01569.java,0,CWE-90,,,0,0,1,0,
BenchmarkTest01570.java,0,CWE-22,,,0,0,1,0,
BenchmarkTest01571.java,1,CWE-22,CWE-23,0,1,0,0,0,CWE-23
BenchmarkTest01572.java,1,CWE-22,CWE-23,0,1,0,0,0,CWE-23
BenchmarkTest01573.java,0,CWE-22,CWE-23,0,0,1,0,0,CWE-23
BenchmarkTest01574.java,0,CWE-22,CWE-23,0,0,1,0,0,CWE-23
BenchmarkTest01575.java,1,CWE-330,CWE-330,1,1,0,0,0,"CWE-330,CWE-798"
BenchmarkTest01576.java,0,CWE-328,,,0,0,1,0,
BenchmarkTest01577.java,1,CWE-328,CWE-916,0,1,0,0,0,CWE-916
BenchmarkTest01578.java,0,CWE-328,,,0,0,1,0,
BenchmarkTest01579.java,1,CWE-328,,,0,0,0,1,
BenchmarkTest01580.java,1,CWE-328,,,0,0,0,1,
BenchmarkTest01581.java,0,CWE-328,,,0,0,1,0,
BenchmarkTest01582.java,0,CWE-328,,,0,0,1,0,
BenchmarkTest01583.java,1,CWE-79,CWE-79,1,1,0,0,0,CWE-79
BenchmarkTest01584.java,1,CWE-79,CWE-79,1,1,0,0,0,CWE-79
BenchmarkTest01585.java,0,CWE-79,,,0,0,1,0,
BenchmarkTest01586.java,0,CWE-79,,,0,0,1,0,
BenchmarkTest01587.java,1,CWE-79,CWE-79,1,1,0,0,0,CWE-79
BenchmarkTest01588.java,0,CWE-79,,,0,0,1,0,
BenchmarkTest01589.java,1,CWE-79,CWE-79,1,1,0,0,0,CWE-79
BenchmarkTest01590.java,1,CWE-79,CWE-79,1,1,0,0,0,"CWE-134,CWE-79"
BenchmarkTest01591.java,0,CWE-79,,,0,0,1,0,
BenchmarkTest01592.java,1,CWE-79,CWE-79,1,1,0,0,0,CWE-79
BenchmarkTest01593.java,0,CWE-79,,,0,0,1,0,
BenchmarkTest01594.java,1,CWE-79,CWE-79,1,1,0,0,0,CWE-79
BenchmarkTest01595.java,0,CWE-79,,,0,0,1,0,
BenchmarkTest01596.java,1,CWE-79,CWE-79,1,1,0,0,0,CWE-79
BenchmarkTest01597.java,1,CWE-79,CWE-79,1,1,0,0,0,CWE-79
BenchmarkTest01598.java,1,CWE-79,CWE-79,1,1,0,0,0,CWE-79
BenchmarkTest01599.java,0,CWE-79,CWE-79,1,0,1,0,0,CWE-79
BenchmarkTest01600.java,0,CWE-78,CWE-78,1,0,1,0,0,CWE-78
BenchmarkTest01601.java,1,CWE-78,CWE-78,1,1,0,0,0,CWE-78
BenchmarkTest01602.java,1,CWE-330,CWE-330,1,1,0,0,0,"CWE-330,CWE-798"
BenchmarkTest01603.java,1,CWE-330,CWE-330,1,1,0,0,0,"CWE-330,CWE-798"
BenchmarkTest01604.java,0,CWE-614,,,0,0,1,0,CWE-113
BenchmarkTest01605.java,0,CWE-614,,,0,0,1,0,CWE-113
BenchmarkTest01606.java,0,CWE-78,,,0,0,1,0,
BenchmarkTest01607.java,0,CWE-78,CWE-78,1,0,1,0,0,CWE-78
BenchmarkTest01608.java,0,CWE-78,CWE-78,1,0,1,0,0,CWE-78
BenchmarkTest01609.java,1,CWE-78,CWE-78,1,1,0,0,0,CWE-78
BenchmarkTest01610.java,1,CWE-78,CWE-78,1,1,0,0,0,CWE-78
BenchmarkTest01611.java,0,CWE-330,,,0,0,1,0,CWE-798
BenchmarkTest01612.java,0,CWE-330,,,0,0,1,0,CWE-798
BenchmarkTest01613.java,0,CWE-330,,,0,0,1,0,CWE-798
BenchmarkTest01614.java,0,CWE-330,,,0,0,1,0,CWE-798
BenchmarkTest01620.java,1,CWE-89,CWE-89,1,1,0,0,0,CWE-89
BenchmarkTest01621.java,1,CWE-89,CWE-89,1,1,0,0,0,CWE-89
BenchmarkTest01622.java,0,CWE-89,CWE-89,1,0,1,0,0,CWE-89
BenchmarkTest01623.java,1,CWE-89,CWE-89,1,1,0,0,0,CWE-89
BenchmarkTest01624.java,1,CWE-89,CWE-89,1,1,0,0,0,CWE-89
BenchmarkTest01625.java,1,CWE-89,CWE-89,1,1,0,0,0,CWE-89
BenchmarkTest01626.java,1,CWE-89,CWE-89,1,1,0,0,0,CWE-89
BenchmarkTest01627.java,1,CWE-89,CWE-89,1,1,0,0,0,CWE-89
BenchmarkTest01628.java,0,CWE-89,CWE-89,1,0,1,0,0,CWE-89
BenchmarkTest01629.java,0,CWE-89,,,0,0,1,0,
BenchmarkTest01630.java,1,CWE-89,CWE-89,1,1,0,0,0,CWE-89
BenchmarkTest01631.java,1,CWE-89,CWE-89,1,1,0,0,0,CWE-89
BenchmarkTest01632.java,0,CWE-643,CWE-643,1,0,1,0,0,"CWE-643,CWE-79"
BenchmarkTest01633.java,0,CWE-643,,,0,0,1,0,
BenchmarkTest01634.java,1,CWE-327,CWE-327,1,1,0,0,0,"CWE-209,CWE-327"
BenchmarkTest01635.java,0,CWE-327,,,0,0,1,0,CWE-209
BenchmarkTest01636.java,0,CWE-327,,,0,0,1,0,CWE-209
BenchmarkTest01637.java,1,CWE-327,CWE-327,1,1,0,0,0,"CWE-209,CWE-327"
BenchmarkTest01638.java,1,CWE-327,CWE-327,1,1,0,0,0,"CWE-209,CWE-327"
BenchmarkTest01639.java,1,CWE-327,CWE-327,1,1,0,0,0,"CWE-209,CWE-327"
BenchmarkTest01640.java,0,CWE-327,,,0,0,1,0,CWE-209
BenchmarkTest01641.java,1,CWE-327,CWE-327,1,1,0,0,0,"CWE-209,CWE-327"
BenchmarkTest01642.java,1,CWE-22,CWE-23,0,1,0,0,0,CWE-23
BenchmarkTest01643.java,1,CWE-22,CWE-23,0,1,0,0,0,CWE-23
BenchmarkTest01644.java,0,CWE-22,,,0,0,1,0,
BenchmarkTest01645.java,1,CWE-22,CWE-23,0,1,0,0,0,CWE-23
BenchmarkTest01646.java,0,CWE-22,CWE-23,0,0,1,0,0,CWE-23
BenchmarkTest01647.java,1,CWE-22,CWE-23,0,1,0,0,0,CWE-23
BenchmarkTest01648.java,1,CWE-330,CWE-330,1,1,0,0,0,"CWE-330,CWE-798"
BenchmarkTest01649.java,1,CWE-328,CWE-916,0,1,0,0,0,CWE-916
BenchmarkTest01650.java,1,CWE-328,CWE-916,0,1,0,0,0,CWE-916
BenchmarkTest01651.java,1,CWE-328,CWE-916,0,1,0,0,0,CWE-916
BenchmarkTest01652.java,0,CWE-328,,,0,0,1,0,
BenchmarkTest01653.java,1,CWE-328,CWE-916,0,1,0,0,0,CWE-916
BenchmarkTest01654.java,1,CWE-328,,,0,0,0,1,
BenchmarkTest01655.java,0,CWE-328,,,0,0,1,0,
BenchmarkTest01656.java,0,CWE-328,,,0,0,1,0,
BenchmarkTest01657.java,1,CWE-79,CWE-79,1,1,0,0,0,CWE-79
BenchmarkTest01658.java,1,CWE-79,CWE-79,1,1,0,0,0,CWE-79
BenchmarkTest01659.java,0,CWE-79,,,0,0,1,0,
BenchmarkTest01660.java,1,CWE-79,CWE-79,1,1,0,0,0,CWE-79
BenchmarkTest01661.java,0,CWE-79,,,0,0,1,0,
BenchmarkTest01662.java,1,CWE-79,CWE-79,1,1,0,0,0,CWE-79
BenchmarkTest01663.java,0,CWE-79,CWE-79,1,0,1,0,0,"CWE-134,CWE-79"
BenchmarkTest01664.java,0,CWE-79,,,0,0,1,0,
BenchmarkTest01665.java,1,CWE-79,CWE-79,1,1,0,0,0,CWE-79
BenchmarkTest01666.java,1,CWE-79,CWE-79,1,1,0,0,0,CWE-79
BenchmarkTest01667.java,1,CWE-79,CWE-79,1,1,0,0,0,CWE-79
BenchmarkTest01668.java,0,CWE-79,CWE-79,1,0,1,0,0,CWE-79
BenchmarkTest01669.java,0,CWE-79,,,0,0,1,0,
BenchmarkTest01670.java,1,CWE-79,CWE-79,1,1,0,0,0,CWE-79
BenchmarkTest01671.java,0,CWE-79,,,0,0,1,0,
BenchmarkTest01672.java,0,CWE-78,,,0,0,1,0,
BenchmarkTest01673.java,1,CWE-78,CWE-78,1,1,0,0,0,CWE-78
BenchmarkTest01674.java,1,CWE-78,CWE-78,1,1,0,0,0,CWE-78
BenchmarkTest01675.java,1,CWE-330,CWE-330,1,1,0,0,0,"CWE-330,CWE-798"
BenchmarkTest01676.java,1,CWE-330,CWE-330,1,1,0,0,0,"CWE-330,CWE-798"
BenchmarkTest01677.java,1,CWE-330,CWE-330,1,1,0,0,0,"CWE-330,CWE-798"
BenchmarkTest01678.java,1,CWE-330,CWE-330,1,1,0,0,0,"CWE-330,CWE-798"
BenchmarkTest01679.java,1,CWE-330,CWE-330,1,1,0,0,0,"CWE-330,CWE-798"
BenchmarkTest01680.java,1,CWE-330,CWE-330,1,1,0,0,0,"CWE-330,CWE-798"
BenchmarkTest01681.java,1,CWE-330,CWE-330,1,1,0,0,0,"CWE-330,CWE-798"
BenchmarkTest01682.java,1,CWE-614,CWE-614,1,1,0,0,0,"CWE-113,CWE-614"
BenchmarkTest01683.java,1,CWE-614,CWE-614,1,1,0,0,0,"CWE-113,CWE-614"
BenchmarkTest01684.java,0,CWE-614,,,0,0,1,0,CWE-113
BenchmarkTest01685.java,1,CWE-78,CWE-78,1,1,0,0,0,CWE-78
BenchmarkTest01686.java,0,CWE-78,,,0,0,1,0,
BenchmarkTest01687.java,0,CWE-78,,,0,0,1,0,
BenchmarkTest01688.java,0,CWE-78,,,0,0,1,0,
BenchmarkTest01689.java,1,CWE-78,CWE-78,1,1,0,0,0,CWE-78
BenchmarkTest01690.java,1,CWE-78,CWE-78,1,1,0,0,0,CWE-78
BenchmarkTest01691.java,1,CWE-78,CWE-78,1,1,0,0,0,CWE-78
BenchmarkTest01692.java,0,CWE-78,,,0,0,1,0,
BenchmarkTest01693.java,0,CWE-78,,,0,0,1,0,
BenchmarkTest01694.java,0,CWE-330,,,0,0,1,0,CWE-798
BenchmarkTest01695.java,0,CWE-330,,,0,0,1,0,CWE-798
BenchmarkTest01696.java,0,CWE-330,,,0,0,1,0,CWE-798
BenchmarkTest01697.java,0,CWE-330,,,0,0,1,0,CWE-798
BenchmarkTest01698.java,0,CWE-330,,,0,0,1,0,CWE-798
BenchmarkTest01699.java,0,CWE-330,,,0,0,1,0,CWE-798
BenchmarkTest01700.java,0,CWE-330,,,0,0,1,0,CWE-798
BenchmarkTest01701.java,0,CWE-330,,,0,0,1,0,CWE-798
BenchmarkTest01702.java,0,CWE-330,,,0,0,1,0,CWE-798
BenchmarkTest01703.java,0,CWE-330,,,0,0,1,0,CWE-798
BenchmarkTest01704.java,0,CWE-330,,,0,0,1,0,CWE-798
BenchmarkTest01705.java,0,CWE-330,,,0,0,1,0,CWE-798
BenchmarkTest01706.java,0,CWE-330,,,0,0,1,0,CWE-798
BenchmarkTest01707.java,0,CWE-330,,,0,0,1,0,CWE-798
BenchmarkTest01712.java,1,CWE-89,CWE-89,1,1,0,0,0,CWE-89
BenchmarkTest01713.java,0,CWE-89,CWE-89,1,0,1,0,0,CWE-89
BenchmarkTest01714.java,0,CWE-89,,,0,0,1,0,
BenchmarkTest01715.java,1,CWE-89,CWE-89,1,1,0,0,0,CWE-89
BenchmarkTest01716.java,1,CWE-89,CWE-89,1,1,0,0,0,CWE-89
BenchmarkTest01717.java,0,CWE-89,CWE-89,1,0,1,0,0,CWE-89
BenchmarkTest01718.java,1,CWE-89,CWE-89,1,1,0,0,0,CWE-89
BenchmarkTest01719.java,0,CWE-89,CWE-89,1,0,1,0,0,CWE-89
BenchmarkTest01720.java,1,CWE-89,CWE-89,1,1,0,0,0,CWE-89
BenchmarkTest01721.java,1,CWE-89,CWE-89,1,1,0,0,0,CWE-89
BenchmarkTest01722.java,0,CWE-89,CWE-89,1,0,1,0,0,CWE-89
BenchmarkTest01723.java,1,CWE-89,CWE-89,1,1,0,0,0,CWE-89
BenchmarkTest01724.java,1,CWE-89,CWE-89,1,1,0,0,0,CWE-89
BenchmarkTest01725.java,1,CWE-89,CWE-89,1,1,0,0,0,CWE-89
BenchmarkTest01726.java,1,CWE-89,CWE-89,1,1,0,0,0,CWE-89
BenchmarkTest01727.java,1,CWE-89,CWE-89,1,1,0,0,0,CWE-89
BenchmarkTest01728.java,1,CWE-89,CWE-89,1,1,0,0,0,CWE-89
BenchmarkTest01729.java,0,CWE-89,CWE-89,1,0,1,0,0,CWE-89
BenchmarkTest01730.java,1,CWE-89,CWE-89,1,1,0,0,0,CWE-89
BenchmarkTest01731.java,1,CWE-89,CWE-89,1,1,0,0,0,CWE-89
BenchmarkTest01732.java,0,CWE-89,,,0,0,1,0,
BenchmarkTest01733.java,1,CWE-89,CWE-89,1,1,0,0,0,CWE-89
BenchmarkTest01734.java,1,CWE-643,CWE-643,1,1,0,0,0,"CWE-643,CWE-79"
BenchmarkTest01735.java,0,CWE-643,,,0,0,1,0,
BenchmarkTest01736.java,1,CWE-643,CWE-643,1,1,0,0,0,"CWE-643,CWE-79"
BenchmarkTest01737.java,0,CWE-327,,,0,0,1,0,CWE-209
BenchmarkTest01738.java,0,CWE-327,,,0,0,1,0,CWE-209
BenchmarkTest01739.java,0,CWE-327,,,0,0,1,0,CWE-209
BenchmarkTest01740.java,1,CWE-327,CWE-327,1,1,0,0,0,"CWE-209,CWE-327"
BenchmarkTest01741.java,1,CWE-327,CWE-327,1,1,0,0,0,"CWE-209,CWE-327"
BenchmarkTest01742.java,1,CWE-327,CWE-327,1,1,0,0,0,"CWE-209,CWE-327"
BenchmarkTest01743.java,0,CWE-90,,,0,0,1,0,
BenchmarkTest01744.java,0,CWE-22,,,0,0,1,0,
BenchmarkTest01745.java,0,CWE-22,,,0,0,1,0,
BenchmarkTest01746.java,0,CWE-22,,,0,0,1,0,
BenchmarkTest01747.java,0,CWE-22,,,0,0,1,0,
BenchmarkTest01748.java,0,CWE-22,,,0,0,1,0,
BenchmarkTest01749.java,0,CWE-22,,,0,0,1,0,
BenchmarkTest01750.java,0,CWE-22,,,0,0,1,0,
BenchmarkTest01751.java,0,CWE-22,,,0,0,1,0,
BenchmarkTest01752.java,0,CWE-22,,,0,0,1,0,
BenchmarkTest01753.java,0,CWE-90,,,0,0,1,0,
BenchmarkTest01754.java,0,CWE-90,,,0,0,1,0,
BenchmarkTest01755.java,0,CWE-90,,,0,0,1,0,
BenchmarkTest01756.java,0,CWE-90,,,0,0,1,0,
BenchmarkTest01757.java,1,CWE-328,CWE-916,0,1,0,0,0,CWE-916
BenchmarkTest01758.java,0,CWE-328,,,0,0,1,0,
BenchmarkTest01759.java,0,CWE-328,,,0,0,1,0,
BenchmarkTest01760.java,0,CWE-328,,,0,0,1,0,
BenchmarkTest01761.java,1,CWE-328,CWE-916,0,1,0,0,0,CWE-916
BenchmarkTest01762.java,0,CWE-328,,,0,0,1,0,
BenchmarkTest01763.java,0,CWE-328,,,0,0,1,0,
BenchmarkTest01764.java,0,CWE-328,,,0,0,1,0,
BenchmarkTest01765.java,1,CWE-328,,,0,0,0,1,
BenchmarkTest01766.java,1,CWE-328,,,0,0,0,1,
BenchmarkTest01767.java,0,CWE-79,,,0,0,1,0,
BenchmarkTest01768.java,0,CWE-79,,,0,0,1,0,
BenchmarkTest01769.java,0,CWE-79,,,0,0,1,0,
BenchmarkTest01770.java,0,CWE-79,,,0,0,1,0,
BenchmarkTest01771.java,0,CWE-79,,,0,0,1,0,
BenchmarkTest01772.java,0,CWE-79,,,0,0,1,0,
BenchmarkTest01773.java,0,CWE-79,,,0,0,1,0,
BenchmarkTest01774.java,0,CWE-79,,,0,0,1,0,
BenchmarkTest01775.java,0,CWE-79,,,0,0,1,0,
BenchmarkTest01776.java,0,CWE-79,,,0,0,1,0,
BenchmarkTest01777.java,0,CWE-79,,,0,0,1,0,
BenchmarkTest01778.java,0,CWE-78,,,0,0,1,0,
BenchmarkTest01779.java,0,CWE-78,,,0,0,1,0,
BenchmarkTest01780.java,0,CWE-78,,,0,0,1,0,
BenchmarkTest01781.java,1,CWE-330,CWE-330,1,1,0,0,0,"CWE-330,CWE-798"
BenchmarkTest01782.java,1,CWE-330,CWE-330,1,1,0,0,0,"CWE-330,CWE-798"
BenchmarkTest01783.java,1,CWE-330,CWE-330,1,1,0,0,0,"CWE-330,CWE-798"
BenchmarkTest01784.java,1,CWE-330,CWE-330,1,1,0,0,0,"CWE-330,CWE-798"
BenchmarkTest01785.java,1,CWE-330,CWE-330,1,1,0,0,0,"CWE-330,CWE-798"
BenchmarkTest01786.java,1,CWE-330,CWE-330,1,1,0,0,0,"CWE-330,CWE-798"
BenchmarkTest01787.java,1,CWE-330,CWE-330,1,1,0,0,0,"CWE-330,CWE-798"
BenchmarkTest01788.java,1,CWE-330,CWE-330,1,1,0,0,0,"CWE-330,CWE-798"
BenchmarkTest01789.java,1,CWE-614,CWE-614,1,1,0,0,0,CWE-614
BenchmarkTest01790.java,0,CWE-79,,,0,0,1,0,
BenchmarkTest01791.java,0,CWE-78,,,0,0,1,0,
BenchmarkTest01792.java,0,CWE-78,,,0,0,1,0,
BenchmarkTest01793.java,0,CWE-78,,,0,0,1,0,
BenchmarkTest01794.java,0,CWE-78,,,0,0,1,0,
BenchmarkTest01795.java,0,CWE-78,,,0,0,1,0,
BenchmarkTest01796.java,0,CWE-78,,,0,0,1,0,
BenchmarkTest01797.java,0,CWE-330,,,0,0,1,0,CWE-798
BenchmarkTest01798.java,0,CWE-330,,,0,0,1,0,CWE-798
BenchmarkTest01799.java,0,CWE-330,,,0,0,1,0,CWE-798
BenchmarkTest01800.java,0,CWE-330,,,0,0,1,0,CWE-798
BenchmarkTest01801.java,0,CWE-330,,,0,0,1,0,CWE-798
BenchmarkTest01803.java,0,CWE-89,,,0,0,1,0,
BenchmarkTest01804.java,0,CWE-89,,,0,0,1,0,
BenchmarkTest01805.java,0,CWE-89,,,0,0,1,0,
BenchmarkTest01806.java,0,CWE-89,,,0,0,1,0,
BenchmarkTest01807.java,0,CWE-89,,,0,0,1,0,
BenchmarkTest01808.java,0,CWE-89,,,0,0,1,0,
BenchmarkTest01809.java,0,CWE-89,,,0,0,1,0,
BenchmarkTest01810.java,0,CWE-89,,,0,0,1,0,
BenchmarkTest01811.java,0,CWE-89,,,0,0,1,0,
BenchmarkTest01812.java,0,CWE-89,,,0,0,1,0,
BenchmarkTest01813.java,0,CWE-89,,,0,0,1,0,
BenchmarkTest01814.java,0,CWE-89,,,0,0,1,0,
BenchmarkTest01815.java,0,CWE-89,,,0,0,1,0,
BenchmarkTest01816.java,0,CWE-89,,,0,0,1,0,
BenchmarkTest01817.java,0,CWE-89,,,0,0,1,0,
BenchmarkTest01818.java,0,CWE-89,,,0,0,1,0,
BenchmarkTest01819.java,0,CWE-89,,,0,0,1,0,
BenchmarkTest01820.java,0,CWE-89,,,0,0,1,0,
BenchmarkTest01821.java,0,CWE-643,,,0,0,1,0,
BenchmarkTest01822.java,1,CWE-327,CWE-327,1,1,0,0,0,"CWE-1004,CWE-209,CWE-327"
BenchmarkTest01823.java,1,CWE-327,CWE-327,1,1,0,0,0,"CWE-1004,CWE-209,CWE-327"
BenchmarkTest01824.java,0,CWE-327,,,0,0,1,0,"CWE-1004,CWE-209"
BenchmarkTest01825.java,0,CWE-327,,,0,0,1,0,"CWE-1004,CWE-209"
BenchmarkTest01826.java,0,CWE-327,,,0,0,1,0,"CWE-1004,CWE-209"
BenchmarkTest01827.java,0,CWE-327,,,0,0,1,0,"CWE-1004,CWE-209"
BenchmarkTest01828.java,0,CWE-327,,,0,0,1,0,"CWE-1004,CWE-209"
BenchmarkTest01829.java,1,CWE-327,CWE-327,1,1,0,0,0,"CWE-1004,CWE-209,CWE-327"
BenchmarkTest01830.java,1,CWE-327,CWE-327,1,1,0,0,0,"CWE-1004,CWE-209,CWE-327"
BenchmarkTest01831.java,1,CWE-90,CWE-90,1,1,0,0,0,"CWE-1004,CWE-79,CWE-90"
BenchmarkTest01832.java,1,CWE-90,CWE-90,1,1,0,0,0,"CWE-1004,CWE-79,CWE-90"
BenchmarkTest01833.java,1,CWE-22,CWE-23,0,1,0,0,0,"CWE-1004,CWE-23"
BenchmarkTest01834.java,0,CWE-22,CWE-23,0,0,1,0,0,"CWE-1004,CWE-23"
BenchmarkTest01835.java,1,CWE-22,CWE-23,0,1,0,0,0,"CWE-1004,CWE-23"
BenchmarkTest01836.java,1,CWE-22,CWE-23,0,1,0,0,0,"CWE-1004,CWE-23"
BenchmarkTest01837.java,0,CWE-22,,,0,0,1,0,CWE-1004
BenchmarkTest01838.java,0,CWE-22,CWE-23,0,0,1,0,0,"CWE-1004,CWE-23"
BenchmarkTest01839.java,1,CWE-22,CWE-23,0,1,0,0,0,"CWE-1004,CWE-23"
BenchmarkTest01840.java,1,CWE-22,CWE-23,0,1,0,0,0,"CWE-1004,CWE-23"
BenchmarkTest01841.java,0,CWE-22,,,0,0,1,0,CWE-1004
BenchmarkTest01842.java,1,CWE-330,CWE-330,1,1,0,0,0,"CWE-1004,CWE-330,CWE-798"
BenchmarkTest01843.java,1,CWE-330,CWE-330,1,1,0,0,0,"CWE-1004,CWE-330,CWE-798"
BenchmarkTest01844.java,1,CWE-328,CWE-916,0,1,0,0,0,"CWE-1004,CWE-916"
BenchmarkTest01845.java,1,CWE-328,CWE-916,0,1,0,0,0,"CWE-1004,CWE-916"
BenchmarkTest01846.java,1,CWE-328,CWE-916,0,1,0,0,0,"CWE-1004,CWE-916"
BenchmarkTest01847.java,0,CWE-328,,,0,0,1,0,CWE-1004
BenchmarkTest01848.java,0,CWE-328,,,0,0,1,0,CWE-1004
BenchmarkTest01849.java,0,CWE-328,,,0,0,1,0,CWE-1004
BenchmarkTest01850.java,1,CWE-78,CWE-78,1,1,0,0,0,"CWE-1004,CWE-78"
BenchmarkTest01851.java,1,CWE-78,CWE-78,1,1,0,0,0,"CWE-1004,CWE-78"
BenchmarkTest01852.java,1,CWE-78,CWE-78,1,1,0,0,0,"CWE-1004,CWE-78"
BenchmarkTest01853.java,1,CWE-330,CWE-330,1,1,0,0,0,"CWE-1004,CWE-330,CWE-798"
BenchmarkTest01854.java,1,CWE-330,CWE-330,1,1,0,0,0,"CWE-1004,CWE-330,CWE-798"
BenchmarkTest01855.java,1,CWE-330,CWE-330,1,1,0,0,0,"CWE-1004,CWE-330,CWE-798"
BenchmarkTest01856.java,1,CWE-330,CWE-330,1,1,0,0,0,"CWE-1004,CWE-330,CWE-798"
BenchmarkTest01857.java,1,CWE-330,CWE-330,1,1,0,0,0,"CWE-1004,CWE-330,CWE-798"
BenchmarkTest01858.java,1,CWE-330,CWE-330,1,1,0,0,0,"CWE-1004,CWE-330,CWE-798"
BenchmarkTest01859.java,1,CWE-330,CWE-330,1,1,0,0,0,"CWE-1004,CWE-330,CWE-798"
BenchmarkTest01860.java,1,CWE-330,CWE-330,1,1,0,0,0,"CWE-1004,CWE-330,CWE-798"
BenchmarkTest01861.java,1,CWE-614,CWE-614,1,1,0,0,0,"CWE-1004,CWE-113,CWE-614"
BenchmarkTest01862.java,0,CWE-614,,,0,0,1,0,"CWE-1004,CWE-113"
BenchmarkTest01863.java,0,CWE-614,,,0,0,1,0,"CWE-1004,CWE-113"
BenchmarkTest01864.java,1,CWE-78,CWE-78,1,1,0,0,0,"CWE-1004,CWE-78"
BenchmarkTest01865.java,0,CWE-78,CWE-78,1,0,1,0,0,"CWE-1004,CWE-78"
BenchmarkTest01866.java,0,CWE-330,,,0,0,1,0,"CWE-1004,CWE-798"
BenchmarkTest01867.java,0,CWE-330,,,0,0,1,0,"CWE-1004,CWE-798"
BenchmarkTest01868.java,0,CWE-330,,,0,0,1,0,"CWE-1004,CWE-798"
BenchmarkTest01869.java,0,CWE-330,,,0,0,1,0,"CWE-1004,CWE-798"
BenchmarkTest01870.java,0,CWE-330,,,0,0,1,0,"CWE-1004,CWE-798"
BenchmarkTest01871.java,0,CWE-330,,,0,0,1,0,"CWE-1004,CWE-798"
BenchmarkTest01877.java,0,CWE-89,CWE-89,1,0,1,0,0,"CWE-1004,CWE-89"
BenchmarkTest01878.java,0,CWE-89,,,0,0,1,0,CWE-1004
BenchmarkTest01879.java,0,CWE-89,CWE-89,1,0,1,0,0,"CWE-1004,CWE-89"
BenchmarkTest01880.java,0,CWE-89,CWE-89,1,0,1,0,0,"CWE-1004,CWE-89"
BenchmarkTest01881.java,1,CWE-89,CWE-89,1,1,0,0,0,"CWE-1004,CWE-89"
BenchmarkTest01882.java,1,CWE-89,CWE-89,1,1,0,0,0,"CWE-1004,CWE-89"
BenchmarkTest01883.java,1,CWE-89,CWE-89,1,1,0,0,0,"CWE-1004,CWE-89"
BenchmarkTest01884.java,0,CWE-89,,,0,0,1,0,CWE-1004
BenchmarkTest01885.java,0,CWE-89,CWE-89,1,0,1,0,0,"CWE-1004,CWE-89"
BenchmarkTest01886.java,0,CWE-89,,,0,0,1,0,CWE-1004
BenchmarkTest01887.java,1,CWE-89,CWE-89,1,1,0,0,0,"CWE-1004,CWE-89"
BenchmarkTest01888.java,1,CWE-89,CWE-89,1,1,0,0,0,"CWE-1004,CWE-89"
BenchmarkTest01889.java,1,CWE-89,CWE-89,1,1,0,0,0,"CWE-1004,CWE-89"
BenchmarkTest01890.java,1,CWE-89,CWE-89,1,1,0,0,0,"CWE-1004,CWE-89"
BenchmarkTest01891.java,1,CWE-89,CWE-89,1,1,0,0,0,"CWE-1004,CWE-89"
BenchmarkTest01892.java,1,CWE-643,CWE-643,1,1,0,0,0,"CWE-1004,CWE-643,CWE-79"
BenchmarkTest01893.java,0,CWE-643,,,0,0,1,0,CWE-1004
BenchmarkTest01894.java,1,CWE-643,CWE-643,1,1,0,0,0,"CWE-1004,CWE-643,CWE-79"
BenchmarkTest01895.java,1,CWE-327,CWE-327,1,1,0,0,0,"CWE-209,CWE-327"
BenchmarkTest01896.java,0,CWE-327,,,0,0,1,0,CWE-209
BenchmarkTest01897.java,1,CWE-327,CWE-327,1,1,0,0,0,"CWE-209,CWE-327"
BenchmarkTest01898.java,1,CWE-327,CWE-327,1,1,0,0,0,"CWE-209,CWE-327"
BenchmarkTest01899.java,0,CWE-327,,,0,0,1,0,CWE-209
BenchmarkTest01900.java,1,CWE-327,CWE-327,1,1,0,0,0,"CWE-209,CWE-327"
BenchmarkTest01901.java,0,CWE-327,,,0,0,1,0,CWE-209
BenchmarkTest01902.java,1,CWE-90,CWE-90,1,1,0,0,0,"CWE-79,CWE-90"
BenchmarkTest01903.java,0,CWE-90,,,0,0,1,0,
BenchmarkTest01904.java,1,CWE-22,CWE-23,0,1,0,0,0,CWE-23
BenchmarkTest01905.java,0,CWE-22,CWE-23,0,0,1,0,0,CWE-23
BenchmarkTest01906.java,1,CWE-22,CWE-23,0,1,0,0,0,CWE-23
BenchmarkTest01907.java,1,CWE-22,CWE-23,0,1,0,0,0,CWE-23
BenchmarkTest01908.java,1,CWE-22,CWE-23,0,1,0,0,0,CWE-23
BenchmarkTest01909.java,0,CWE-90,CWE-90,1,0,1,0,0,"CWE-79,CWE-90"
BenchmarkTest01910.java,1,CWE-330,CWE-330,1,1,0,0,0,"CWE-330,CWE-798"
BenchmarkTest01911.java,1,CWE-328,CWE-916,0,1,0,0,0,CWE-916
BenchmarkTest01912.java,0,CWE-328,,,0,0,1,0,
BenchmarkTest01913.java,0,CWE-328,,,0,0,1,0,
BenchmarkTest01914.java,0,CWE-79,,,0,0,1,0,
BenchmarkTest01915.java,0,CWE-79,,,0,0,1,0,
BenchmarkTest01916.java,1,CWE-79,CWE-79,1,1,0,0,0,CWE-79
BenchmarkTest01917.java,0,CWE-79,,,0,0,1,0,
BenchmarkTest01918.java,0,CWE-79,,,0,0,1,0,
BenchmarkTest01919.java,1,CWE-79,CWE-79,1,1,0,0,0,CWE-79
BenchmarkTest01920.java,1,CWE-79,CWE-79,1,1,0,0,0,CWE-79
BenchmarkTest01921.java,1,CWE-79,CWE-79,1,1,0,0,0,CWE-79
BenchmarkTest01922.java,1,CWE-79,CWE-79,1,1,0,0,0,"CWE-134,CWE-79"
BenchmarkTest01923.java,1,CWE-79,CWE-79,1,1,0,0,0,"CWE-134,CWE-79"
BenchmarkTest01924.java,0,CWE-79,,,0,0,1,0,CWE-134
BenchmarkTest01925.java,1,CWE-79,CWE-79,1,1,0,0,0,CWE-79
BenchmarkTest01926.java,1,CWE-79,CWE-79,1,1,0,0,0,CWE-79
BenchmarkTest01927.java,1,CWE-79,CWE-79,1,1,0,0,0,CWE-79
BenchmarkTest01928.java,1,CWE-78,CWE-78,1,1,0,0,0,CWE-78
BenchmarkTest01929.java,1,CWE-78,CWE-78,1,1,0,0,0,CWE-78
BenchmarkTest01930.java,1,CWE-330,CWE-330,1,1,0,0,0,"CWE-330,CWE-798"
BenchmarkTest01931.java,1,CWE-330,CWE-330,1,1,0,0,0,"CWE-330,CWE-798"
BenchmarkTest01932.java,1,CWE-330,CWE-330,1,1,0,0,0,"CWE-330,CWE-798"
BenchmarkTest01933.java,1,CWE-330,CWE-330,1,1,0,0,0,"CWE-330,CWE-798"
BenchmarkTest01934.java,1,CWE-330,CWE-330,1,1,0,0,0,"CWE-330,CWE-798"
BenchmarkTest01935.java,0,CWE-614,,,0,0,1,0,CWE-113
BenchmarkTest01936.java,1,CWE-78,CWE-78,1,1,0,0,0,CWE-78
BenchmarkTest01937.java,0,CWE-78,CWE-78,1,0,1,0,0,CWE-78
BenchmarkTest01938.java,1,CWE-78,CWE-78,1,1,0,0,0,CWE-78
BenchmarkTest01939.java,0,CWE-78,,,0,0,1,0,
BenchmarkTest01940.java,1,CWE-78,CWE-78,1,1,0,0,0,CWE-78
BenchmarkTest01941.java,0,CWE-78,,,0,0,1,0,
BenchmarkTest01942.java,1,CWE-78,CWE-78,1,1,0,0,0,CWE-78
BenchmarkTest01943.java,0,CWE-78,CWE-78,1,0,1,0,0,CWE-78
BenchmarkTest01944.java,1,CWE-78,CWE-78,1,1,0,0,0,CWE-78
BenchmarkTest01945.java,0,CWE-330,,,0,0,1,0,CWE-798
BenchmarkTest01946.java,0,CWE-330,,,0,0,1,0,CWE-798
BenchmarkTest01947.java,0,CWE-330,,,0,0,1,0,CWE-798
BenchmarkTest01948.java,0,CWE-330,,,0,0,1,0,CWE-798
BenchmarkTest01949.java,0,CWE-330,,,0,0,1,0,CWE-798
BenchmarkTest01950.java,0,CWE-330,,,0,0,1,0,CWE-798
BenchmarkTest01951.java,0,CWE-330,,,0,0,1,0,CWE-798
BenchmarkTest01952.java,0,CWE-330,,,0,0,1,0,CWE-798
BenchmarkTest01953.java,0,CWE-330,,,0,0,1,0,CWE-798
BenchmarkTest01954.java,0,CWE-330,,,0,0,1,0,CWE-798
BenchmarkTest01961.java,0,CWE-89,,,0,0,1,0,
BenchmarkTest01962.java,1,CWE-89,CWE-89,1,1,0,0,0,CWE-89
BenchmarkTest01963.java,1,CWE-89,CWE-89,1,1,0,0,0,CWE-89
BenchmarkTest01964.java,1,CWE-89,CWE-89,1,1,0,0,0,CWE-89
BenchmarkTest01965.java,0,CWE-89,,,0,0,1,0,
BenchmarkTest01966.java,0,CWE-89,,,0,0,1,0,
BenchmarkTest01967.java,0,CWE-89,CWE-89,1,0,1,0,0,CWE-89
BenchmarkTest01968.java,0,CWE-89,CWE-89,1,0,1,0,0,CWE-89
BenchmarkTest01969.java,0,CWE-89,,,0,0,1,0,
BenchmarkTest01970.java,1,CWE-89,CWE-89,1,1,0,0,0,CWE-89
BenchmarkTest01971.java,1,CWE-89,CWE-89,1,1,0,0,0,CWE-89
BenchmarkTest01972.java,1,CWE-89,CWE-89,1,1,0,0,0,CWE-89
BenchmarkTest01973.java,0,CWE-89,CWE-89,1,0,1,0,0,CWE-89
BenchmarkTest01974.java,1,CWE-643,CWE-643,1,1,0,0,0,"CWE-643,CWE-79"
BenchmarkTest01975.java,0,CWE-327,,,0,0,1,0,CWE-209
BenchmarkTest01976.java,0,CWE-327,,,0,0,1,0,CWE-209
BenchmarkTest01977.java,0,CWE-327,,,0,0,1,0,CWE-209
BenchmarkTest01978.java,1,CWE-327,CWE-327,1,1,0,0,0,"CWE-209,CWE-327"
BenchmarkTest01979.java,0,CWE-327,,,0,0,1,0,CWE-209
BenchmarkTest01980.java,1,CWE-327,CWE-327,1,1,0,0,0,"CWE-209,CWE-327"
BenchmarkTest01981.java,1,CWE-327,CWE-327,1,1,0,0,0,"CWE-209,CWE-327"
BenchmarkTest01982.java,0,CWE-327,,,0,0,1,0,CWE-209
BenchmarkTest01983.java,1,CWE-22,CWE-23,0,1,0,0,0,CWE-23
BenchmarkTest01984.java,0,CWE-22,CWE-23,0,0,1,0,0,CWE-23
BenchmarkTest01985.java,1,CWE-22,CWE-23,0,1,0,0,0,CWE-23
BenchmarkTest01986.java,0,CWE-22,CWE-23,0,0,1,0,0,CWE-23
BenchmarkTest01987.java,1,CWE-22,CWE-23,0,1,0,0,0,CWE-23
BenchmarkTest01988.java,1,CWE-22,CWE-23,0,1,0,0,0,CWE-23
BenchmarkTest01989.java,1,CWE-22,CWE-23,0,1,0,0,0,CWE-23
BenchmarkTest01990.java,0,CWE-22,CWE-23,0,0,1,0,0,CWE-23
BenchmarkTest01991.java,0,CWE-22,,,0,0,1,0,
BenchmarkTest01992.java,1,CWE-330,CWE-330,1,1,0,0,0,"CWE-330,CWE-798"
BenchmarkTest01993.java,0,CWE-328,,,0,0,1,0,
BenchmarkTest01994.java,0,CWE-328,,,0,0,1,0,
BenchmarkTest01995.java,0,CWE-328,,,0,0,1,0,
BenchmarkTest01996.java,1,CWE-328,,,0,0,0,1,
BenchmarkTest01997.java,1,CWE-328,,,0,0,0,1,
BenchmarkTest01998.java,0,CWE-328,,,0,0,1,0,
BenchmarkTest01999.java,1,CWE-330,CWE-330,1,1,0,0,0,"CWE-330,CWE-798"
BenchmarkTest02000.java,1,CWE-330,CWE-330,1,1,0,0,0,"CWE-330,CWE-798"
BenchmarkTest02001.java,1,CWE-330,CWE-330,1,1,0,0,0,"CWE-330,CWE-798"
BenchmarkTest02002.java,1,CWE-330,CWE-330,1,1,0,0,0,"CWE-330,CWE-798"
BenchmarkTest02003.java,1,CWE-330,CWE-330,1,1,0,0,0,"CWE-330,CWE-798"
BenchmarkTest02004.java,1,CWE-330,CWE-330,1,1,0,0,0,"CWE-330,CWE-798"
BenchmarkTest02005.java,1,CWE-614,CWE-614,1,1,0,0,0,"CWE-113,CWE-614"
BenchmarkTest02006.java,0,CWE-614,,,0,0,1,0,CWE-113
BenchmarkTest02007.java,0,CWE-330,,,0,0,1,0,CWE-798
BenchmarkTest02008.java,0,CWE-330,,,0,0,1,0,CWE-798
BenchmarkTest02009.java,0,CWE-330,,,0,0,1,0,CWE-798
BenchmarkTest02010.java,0,CWE-330,,,0,0,1,0,CWE-798
BenchmarkTest02011.java,0,CWE-330,,,0,0,1,0,CWE-798
BenchmarkTest02012.java,0,CWE-330,,,0,0,1,0,CWE-798
BenchmarkTest02013.java,0,CWE-330,,,0,0,1,0,CWE-798
BenchmarkTest02014.java,0,CWE-330,,,0,0,1,0,CWE-798
BenchmarkTest02017.java,1,CWE-327,CWE-327,1,1,0,0,0,"CWE-209,CWE-327"
BenchmarkTest02018.java,1,CWE-327,CWE-327,1,1,0,0,0,"CWE-209,CWE-327"
BenchmarkTest02019.java,1,CWE-327,CWE-327,1,1,0,0,0,"CWE-209,CWE-327"
BenchmarkTest02020.java,1,CWE-327,CWE-327,1,1,0,0,0,"CWE-209,CWE-327"
BenchmarkTest02021.java,0,CWE-327,,,0,0,1,0,CWE-209
BenchmarkTest02022.java,1,CWE-327,CWE-327,1,1,0,0,0,"CWE-209,CWE-327"
BenchmarkTest02023.java,1,CWE-327,CWE-327,1,1,0,0,0,"CWE-209,CWE-327"
BenchmarkTest02024.java,0,CWE-327,,,0,0,1,0,CWE-209
BenchmarkTest02025.java,0,CWE-90,,,0,0,1,0,
BenchmarkTest02026.java,0,CWE-22,CWE-23,0,0,1,0,0,CWE-23
BenchmarkTest02027.java,1,CWE-22,CWE-23,0,1,0,0,0,CWE-23
BenchmarkTest02028.java,0,CWE-22,CWE-23,0,0,1,0,0,CWE-23
BenchmarkTest02029.java,0,CWE-22,CWE-23,0,0,1,0,0,CWE-23
BenchmarkTest02030.java,0,CWE-22,,,0,0,1,0,
BenchmarkTest02031.java,0,CWE-22,,,0,0,1,0,
BenchmarkTest02032.java,1,CWE-22,CWE-23,0,1,0,0,0,CWE-23
BenchmarkTest02033.java,0,CWE-22,CWE-23,0,0,1,0,0,CWE-23
BenchmarkTest02034.java,1,CWE-22,CWE-23,0,1,0,0,0,CWE-23
BenchmarkTest02035.java,0,CWE-22,,,0,0,1,0,
BenchmarkTest02036.java,1,CWE-90,CWE-90,1,1,0,0,0,"CWE-79,CWE-90"
BenchmarkTest02037.java,1,CWE-90,CWE-90,1,1,0,0,0,"CWE-79,CWE-90"
BenchmarkTest02038.java,1,CWE-330,CWE-330,1,1,0,0,0,"CWE-330,CWE-798"
BenchmarkTest02039.java,1,CWE-330,CWE-330,1,1,0,0,0,"CWE-330,CWE-798"
BenchmarkTest02040.java,1,CWE-330,CWE-330,1,1,0,0,0,"CWE-330,CWE-798"
BenchmarkTest02041.java,0,CWE-328,,,0,0,1,0,
BenchmarkTest02042.java,1,CWE-328,CWE-916,0,1,0,0,0,CWE-916
BenchmarkTest02043.java,0,CWE-328,,,0,0,1,0,
BenchmarkTest02044.java,0,CWE-328,,,0,0,1,0,
BenchmarkTest02045.java,0,CWE-79,,,0,0,1,0,
BenchmarkTest02046.java,1,CWE-79,CWE-79,1,1,0,0,0,CWE-79
BenchmarkTest02047.java,1,CWE-79,CWE-79,1,1,0,0,0,CWE-79
BenchmarkTest02048.java,0,CWE-79,,,0,0,1,0,
BenchmarkTest02049.java,0,CWE-79,,,0,0,1,0,
BenchmarkTest02050.java,1,CWE-79,CWE-79,1,1,0,0,0,CWE-79
BenchmarkTest02051.java,1,CWE-79,CWE-79,1,1,0,0,0,CWE-79
BenchmarkTest02052.java,0,CWE-79,CWE-79,1,0,1,0,0,CWE-79
BenchmarkTest02053.java,0,CWE-79,,,0,0,1,0,
BenchmarkTest02054.java,1,CWE-79,CWE-79,1,1,0,0,0,"CWE-134,CWE-79"
BenchmarkTest02055.java,1,CWE-79,CWE-79,1,1,0,0,0,CWE-79
BenchmarkTest02056.java,1,CWE-79,CWE-79,1,1,0,0,0,CWE-79
BenchmarkTest02057.java,1,CWE-79,CWE-79,1,1,0,0,0,CWE-79
BenchmarkTest02058.java,0,CWE-78,CWE-78,1,0,1,0,0,CWE-78
BenchmarkTest02059.java,1,CWE-78,CWE-78,1,1,0,0,0,CWE-78
BenchmarkTest02060.java,1,CWE-330,CWE-330,1,1,0,0,0,"CWE-330,CWE-798"
BenchmarkTest02061.java,1,CWE-330,CWE-330,1,1,0,0,0,"CWE-330,CWE-798"
BenchmarkTest02062.java,1,CWE-330,CWE-330,1,1,0,0,0,"CWE-330,CWE-798"
BenchmarkTest02063.java,1,CWE-330,CWE-330,1,1,0,0,0,"CWE-330,CWE-798"
BenchmarkTest02064.java,0,CWE-614,,,0,0,1,0,CWE-113
BenchmarkTest02065.java,0,CWE-614,,,0,0,1,0,CWE-113
BenchmarkTest02066.java,0,CWE-614,,,0,0,1,0,CWE-113
BenchmarkTest02067.java,0,CWE-78,CWE-78,1,0,1,0,0,CWE-78
BenchmarkTest02068.java,0,CWE-78,,,0,0,1,0,
BenchmarkTest02069.java,0,CWE-78,CWE-78,1,0,1,0,0,CWE-78
BenchmarkTest02070.java,1,CWE-78,CWE-78,1,1,0,0,0,CWE-78
BenchmarkTest02071.java,0,CWE-330,,,0,0,1,0,CWE-798
BenchmarkTest02072.java,0,CWE-330,,,0,0,1,0,CWE-798
BenchmarkTest02073.java,0,CWE-330,,,0,0,1,0,CWE-798
BenchmarkTest02074.java,0,CWE-330,,,0,0,1,0,CWE-798
BenchmarkTest02075.java,0,CWE-330,,,0,0,1,0,CWE-798
BenchmarkTest02076.java,0,CWE-330,,,0,0,1,0,CWE-798
BenchmarkTest02077.java,0,CWE-330,,,0,0,1,0,CWE-798
BenchmarkTest02078.java,0,CWE-330,,,0,0,1,0,CWE-798
BenchmarkTest02079.java,0,CWE-330,,,0,0,1,0,CWE-798
BenchmarkTest02080.java,0,CWE-330,,,0,0,1,0,CWE-798
BenchmarkTest02081.java,0,CWE-330,,,0,0,1,0,CWE-798
BenchmarkTest02082.java,0,CWE-330,,,0,0,1,0,CWE-798
BenchmarkTest02083.java,0,CWE-330,,,0,0,1,0,CWE-798
BenchmarkTest02087.java,1,CWE-89,CWE-89,1,1,0,0,0,CWE-89
BenchmarkTest02088.java,1,CWE-89,CWE-89,1,1,0,0,0,CWE-89
BenchmarkTest02089.java,0,CWE-89,,,0,0,1,0,
BenchmarkTest02090.java,1,CWE-89,CWE-89,1,1,0,0,0,CWE-89
BenchmarkTest02091.java,1,CWE-89,CWE-89,1,1,0,0,0,CWE-89
BenchmarkTest02092.java,1,CWE-89,CWE-89,1,1,0,0,0,CWE-89
BenchmarkTest02093.java,0,CWE-89,CWE-89,1,0,1,0,0,CWE-89
BenchmarkTest02094.java,1,CWE-89,CWE-89,1,1,0,0,0,CWE-89
BenchmarkTest02095.java,0,CWE-89,CWE-89,1,0,1,0,0,CWE-89
BenchmarkTest02096.java,1,CWE-89,CWE-89,1,1,0,0,0,CWE-89
BenchmarkTest02097.java,0,CWE-89,CWE-89,1,0,1,0,0,CWE-89
BenchmarkTest02098.java,0,CWE-89,CWE-89,1,0,1,0,0,CWE-89
BenchmarkTest02099.java,1,CWE-89,CWE-89,1,1,0,0,0,CWE-89
BenchmarkTest02100.java,1,CWE-643,CWE-643,1,1,0,0,0,"CWE-643,CWE-79"
BenchmarkTest02101.java,1,CWE-327,CWE-327,1,1,0,0,0,"CWE-209,CWE-327"
BenchmarkTest02102.java,0,CWE-327,,,0,0,1,0,CWE-209
BenchmarkTest02103.java,0,CWE-327,,,0,0,1,0,CWE-209
BenchmarkTest02104.java,0,CWE-90,CWE-90,1,0,1,0,0,"CWE-79,CWE-90"
BenchmarkTest02105.java,1,CWE-22,CWE-23,0,1,0,0,0,CWE-23
BenchmarkTest02106.java,1,CWE-22,CWE-23,0,1,0,0,0,CWE-23
BenchmarkTest02107.java,0,CWE-22,,,0,0,1,0,
BenchmarkTest02108.java,0,CWE-22,CWE-23,0,0,1,0,0,CWE-23
BenchmarkTest02109.java,1,CWE-22,CWE-23,0,1,0,0,0,CWE-23
BenchmarkTest02110.java,0,CWE-22,CWE-23,0,0,1,0,0,CWE-23
BenchmarkTest02111.java,0,CWE-22,CWE-23,0,0,1,0,0,CWE-23
BenchmarkTest02112.java,1,CWE-22,CWE-23,0,1,0,0,0,CWE-23
BenchmarkTest02113.java,1,CWE-22,CWE-23,0,1,0,0,0,CWE-23
BenchmarkTest02114.java,0,CWE-90,CWE-90,1,0,1,0,0,"CWE-79,CWE-90"
BenchmarkTest02115.java,0,CWE-90,CWE-90,1,0,1,0,0,"CWE-79,CWE-90"
BenchmarkTest02116.java,0,CWE-90,CWE-90,1,0,1,0,0,"CWE-79,CWE-90"
BenchmarkTest02117.java,1,CWE-330,CWE-330,1,1,0,0,0,"CWE-330,CWE-798"
BenchmarkTest02118.java,1,CWE-328,CWE-916,0,1,0,0,0,CWE-916
BenchmarkTest02119.java,0,CWE-328,,,0,0,1,0,
BenchmarkTest02120.java,0,CWE-328,,,0,0,1,0,
BenchmarkTest02121.java,1,CWE-328,,,0,0,0,1,
BenchmarkTest02122.java,0,CWE-79,CWE-79,1,0,1,0,0,CWE-79
BenchmarkTest02123.java,1,CWE-79,CWE-79,1,1,0,0,0,CWE-79
BenchmarkTest02124.java,1,CWE-79,CWE-79,1,1,0,0,0,CWE-79
BenchmarkTest02125.java,0,CWE-79,,,0,0,1,0,
BenchmarkTest02126.java,1,CWE-79,CWE-79,1,1,0,0,0,CWE-79
BenchmarkTest02127.java,1,CWE-79,CWE-79,1,1,0,0,0,CWE-79
BenchmarkTest02128.java,1,CWE-79,CWE-79,1,1,0,0,0,CWE-79
BenchmarkTest02129.java,1,CWE-79,CWE-79,1,1,0,0,0,CWE-79
BenchmarkTest02130.java,1,CWE-79,CWE-79,1,1,0,0,0,CWE-79
BenchmarkTest02131.java,1,CWE-79,CWE-79,1,1,0,0,0,CWE-79
BenchmarkTest02132.java,1,CWE-79,CWE-79,1,1,0,0,0,CWE-79
BenchmarkTest02133.java,1,CWE-79,CWE-79,1,1,0,0,0,CWE-79
BenchmarkTest02134.java,1,CWE-79,CWE-79,1,1,0,0,0,CWE-79
BenchmarkTest02135.java,0,CWE-79,,,0,0,1,0,
BenchmarkTest02136.java,1,CWE-79,CWE-79,1,1,0,0,0,CWE-79
BenchmarkTest02137.java,1,CWE-78,CWE-78,1,1,0,0,0,CWE-78
BenchmarkTest02138.java,1,CWE-330,CWE-330,1,1,0,0,0,"CWE-330,CWE-798"
BenchmarkTest02139.java,1,CWE-330,CWE-330,1,1,0,0,0,"CWE-330,CWE-798"
BenchmarkTest02140.java,1,CWE-330,CWE-330,1,1,0,0,0,"CWE-330,CWE-798"
BenchmarkTest02141.java,1,CWE-330,CWE-330,1,1,0,0,0,"CWE-330,CWE-798"
BenchmarkTest02142.java,1,CWE-614,CWE-614,1,1,0,0,0,"CWE-113,CWE-614"
BenchmarkTest02143.java,0,CWE-614,,,0,0,1,0,CWE-113
BenchmarkTest02144.java,0,CWE-614,,,0,0,1,0,CWE-113
BenchmarkTest02145.java,1,CWE-79,CWE-79,1,1,0,0,0,CWE-79
BenchmarkTest02146.java,1,CWE-78,CWE-78,1,1,0,0,0,CWE-78
BenchmarkTest02147.java,1,CWE-78,CWE-78,1,1,0,0,0,CWE-78
BenchmarkTest02148.java,0,CWE-78,,,0,0,1,0,
BenchmarkTest02149.java,0,CWE-78,,,0,0,1,0,
BenchmarkTest02150.java,1,CWE-78,CWE-78,1,1,0,0,0,CWE-78
BenchmarkTest02151.java,1,CWE-78,CWE-78,1,1,0,0,0,CWE-78
BenchmarkTest02152.java,1,CWE-78,CWE-78,1,1,0,0,0,CWE-78
BenchmarkTest02153.java,0,CWE-78,,,0,0,1,0,
BenchmarkTest02154.java,1,CWE-78,CWE-78,1,1,0,0,0,CWE-78
BenchmarkTest02155.java,1,CWE-78,CWE-78,1,1,0,0,0,CWE-78
BenchmarkTest02156.java,0,CWE-78,,,0,0,1,0,
BenchmarkTest02157.java,0,CWE-330,,,0,0,1,0,CWE-798
BenchmarkTest02158.java,0,CWE-330,,,0,0,1,0,CWE-798
BenchmarkTest02159.java,0,CWE-330,,,0,0,1,0,CWE-798
BenchmarkTest02160.java,0,CWE-330,,,0,0,1,0,CWE-798
BenchmarkTest02161.java,0,CWE-330,,,0,0,1,0,CWE-798
BenchmarkTest02162.java,0,CWE-330,,,0,0,1,0,CWE-798
BenchmarkTest02163.java,0,CWE-330,,,0,0,1,0,CWE-798
BenchmarkTest02164.java,0,CWE-330,,,0,0,1,0,CWE-798
BenchmarkTest02169.java,1,CWE-89,CWE-89,1,1,0,0,0,CWE-89
BenchmarkTest02170.java,1,CWE-89,CWE-89,1,1,0,0,0,CWE-89
BenchmarkTest02171.java,1,CWE-89,CWE-89,1,1,0,0,0,CWE-89
BenchmarkTest02172.java,0,CWE-89,,,0,0,1,0,
BenchmarkTest02173.java,0,CWE-89,CWE-89,1,0,1,0,0,CWE-89
BenchmarkTest02174.java,0,CWE-89,,,0,0,1,0,
BenchmarkTest02175.java,0,CWE-89,CWE-89,1,0,1,0,0,CWE-89
BenchmarkTest02176.java,0,CWE-89,,,0,0,1,0,
BenchmarkTest02177.java,1,CWE-89,CWE-89,1,1,0,0,0,CWE-89
BenchmarkTest02178.java,1,CWE-89,CWE-89,1,1,0,0,0,CWE-89
BenchmarkTest02179.java,1,CWE-89,CWE-89,1,1,0,0,0,CWE-89
BenchmarkTest02180.java,0,CWE-89,CWE-89,1,0,1,0,0,CWE-89
BenchmarkTest02181.java,1,CWE-89,CWE-89,1,1,0,0,0,CWE-89
BenchmarkTest02182.java,1,CWE-89,CWE-89,1,1,0,0,0,CWE-89
BenchmarkTest02183.java,0,CWE-89,,,0,0,1,0,
BenchmarkTest02184.java,0,CWE-89,CWE-89,1,0,1,0,0,CWE-89
BenchmarkTest02185.java,0,CWE-89,CWE-89,1,0,1,0,0,CWE-89
BenchmarkTest02186.java,1,CWE-89,CWE-89,1,1,0,0,0,CWE-89
BenchmarkTest02187.java,1,CWE-89,CWE-89,1,1,0,0,0,CWE-89
BenchmarkTest02188.java,0,CWE-89,,,0,0,1,0,
BenchmarkTest02189.java,1,CWE-643,CWE-643,1,1,0,0,0,"CWE-643,CWE-79"
BenchmarkTest02190.java,0,CWE-327,,,0,0,1,0,CWE-209
BenchmarkTest02191.java,0,CWE-327,,,0,0,1,0,CWE-209
BenchmarkTest02192.java,1,CWE-327,CWE-327,1,1,0,0,0,"CWE-209,CWE-327"
BenchmarkTest02193.java,1,CWE-327,CWE-327,1,1,0,0,0,"CWE-209,CWE-327"
BenchmarkTest02194.java,1,CWE-327,CWE-327,1,1,0,0,0,"CWE-209,CWE-327"
BenchmarkTest02195.java,1,CWE-327,CWE-327,1,1,0,0,0,"CWE-209,CWE-327"
BenchmarkTest02196.java,1,CWE-90,CWE-90,1,1,0,0,0,"CWE-79,CWE-90"
BenchmarkTest02197.java,1,CWE-22,CWE-23,0,1,0,0,0,CWE-23
BenchmarkTest02198.java,1,CWE-22,CWE-23,0,1,0,0,0,CWE-23
BenchmarkTest02199.java,1,CWE-22,CWE-23,0,1,0,0,0,CWE-23
BenchmarkTest02200.java,0,CWE-22,,,0,0,1,0,
BenchmarkTest02201.java,0,CWE-22,CWE-23,0,0,1,0,0,CWE-23
BenchmarkTest02202.java,0,CWE-22,,,0,0,1,0,
BenchmarkTest02203.java,0,CWE-22,,,0,0,1,0,
BenchmarkTest02204.java,0,CWE-22,CWE-23,0,0,1,0,0,CWE-23
BenchmarkTest02205.java,1,CWE-22,CWE-23,0,1,0,0,0,CWE-23
BenchmarkTest02206.java,0,CWE-22,,,0,0,1,0,
BenchmarkTest02207.java,0,CWE-22,CWE-23,0,0,1,0,0,CWE-23
BenchmarkTest02208.java,1,CWE-90,CWE-90,1,1,0,0,0,"CWE-79,CWE-90"
BenchmarkTest02209.java,1,CWE-330,CWE-330,1,1,0,0,0,"CWE-330,CWE-798"
BenchmarkTest02210.java,0,CWE-328,,,0,0,1,0,
BenchmarkTest02211.java,1,CWE-328,CWE-916,0,1,0,0,0,CWE-916
BenchmarkTest02212.java,1,CWE-328,CWE-916,0,1,0,0,0,CWE-916
BenchmarkTest02213.java,1,CWE-328,CWE-916,0,1,0,0,0,CWE-916
BenchmarkTest02214.java,0,CWE-328,,,0,0,1,0,
BenchmarkTest02215.java,0,CWE-328,,,0,0,1,0,
BenchmarkTest02216.java,0,CWE-328,,,0,0,1,0,
BenchmarkTest02217.java,1,CWE-328,CWE-916,0,1,0,0,0,CWE-916
BenchmarkTest02218.java,0,CWE-328,,,0,0,1,0,
BenchmarkTest02219.java,1,CWE-328,,,0,0,0,1,
BenchmarkTest02220.java,0,CWE-328,,,0,0,1,0,
BenchmarkTest02221.java,1,CWE-79,CWE-79,1,1,0,0,0,CWE-79
BenchmarkTest02222.java,0,CWE-79,CWE-79,1,0,1,0,0,CWE-79
BenchmarkTest02223.java,1,CWE-79,CWE-79,1,1,0,0,0,CWE-79
BenchmarkTest02224.java,1,CWE-79,CWE-79,1,1,0,0,0,CWE-79
BenchmarkTest02225.java,1,CWE-79,CWE-79,1,1,0,0,0,CWE-79
BenchmarkTest02226.java,0,CWE-79,,,0,0,1,0,
BenchmarkTest02227.java,1,CWE-79,CWE-79,1,1,0,0,0,CWE-79
BenchmarkTest02228.java,1,CWE-79,CWE-79,1,1,0,0,0,CWE-79
BenchmarkTest02229.java,0,CWE-79,CWE-79,1,0,1,0,0,CWE-79
BenchmarkTest02230.java,1,CWE-79,CWE-79,1,1,0,0,0,CWE-79
BenchmarkTest02231.java,0,CWE-79,,,0,0,1,0,
BenchmarkTest02232.java,1,CWE-79,CWE-79,1,1,0,0,0,"CWE-134,CWE-79"
BenchmarkTest02233.java,0,CWE-79,CWE-79,1,0,1,0,0,"CWE-134,CWE-79"
BenchmarkTest02234.java,1,CWE-79,CWE-79,1,1,0,0,0,"CWE-134,CWE-79"
BenchmarkTest02235.java,0,CWE-79,,,0,0,1,0,
BenchmarkTest02236.java,0,CWE-79,,,0,0,1,0,
BenchmarkTest02237.java,0,CWE-79,,,0,0,1,0,
BenchmarkTest02238.java,0,CWE-79,,,0,0,1,0,
BenchmarkTest02239.java,0,CWE-79,CWE-79,1,0,1,0,0,CWE-79
BenchmarkTest02240.java,0,CWE-79,CWE-79,1,0,1,0,0,CWE-79
BenchmarkTest02241.java,1,CWE-79,CWE-79,1,1,0,0,0,CWE-79
BenchmarkTest02242.java,0,CWE-78,,,0,0,1,0,
BenchmarkTest02243.java,1,CWE-78,CWE-78,1,1,0,0,0,CWE-78
BenchmarkTest02244.java,1,CWE-78,CWE-78,1,1,0,0,0,CWE-78
BenchmarkTest02245.java,1,CWE-330,CWE-330,1,1,0,0,0,"CWE-330,CWE-798"
BenchmarkTest02246.java,1,CWE-330,CWE-330,1,1,0,0,0,"CWE-330,CWE-798"
BenchmarkTest02247.java,0,CWE-614,,,0,0,1,0,CWE-113
BenchmarkTest02248.java,0,CWE-614,,,0,0,1,0,CWE-113
BenchmarkTest02249.java,1,CWE-78,CWE-78,1,1,0,0,0,CWE-78
BenchmarkTest02250.java,1,CWE-78,CWE-78,1,1,0,0,0,CWE-78
BenchmarkTest02251.java,1,CWE-78,CWE-78,1,1,0,0,0,CWE-78
BenchmarkTest02252.java,0,CWE-78,,,0,0,1,0,
BenchmarkTest02253.java,0,CWE-78,CWE-78,1,0,1,0,0,CWE-78
BenchmarkTest02254.java,0,CWE-330,,,0,0,1,0,CWE-798
BenchmarkTest02255.java,0,CWE-330,,,0,0,1,0,CWE-798
BenchmarkTest02256.java,0,CWE-330,,,0,0,1,0,CWE-798
BenchmarkTest02257.java,0,CWE-330,,,0,0,1,0,CWE-798
BenchmarkTest02258.java,0,CWE-330,,,0,0,1,0,CWE-798
BenchmarkTest02259.java,0,CWE-330,,,0,0,1,0,CWE-798
BenchmarkTest02260.java,0,CWE-330,,,0,0,1,0,CWE-798
BenchmarkTest02264.java,1,CWE-89,CWE-89,1,1,0,0,0,CWE-89
BenchmarkTest02265.java,0,CWE-89,CWE-89,1,0,1,0,0,CWE-89
BenchmarkTest02266.java,0,CWE-89,CWE-89,1,0,1,0,0,CWE-89
BenchmarkTest02267.java,0,CWE-89,CWE-89,1,0,1,0,0,CWE-89
BenchmarkTest02268.java,0,CWE-89,CWE-89,1,0,1,0,0,CWE-89
BenchmarkTest02269.java,1,CWE-89,CWE-89,1,1,0,0,0,CWE-89
BenchmarkTest02270.java,1,CWE-89,CWE-89,1,1,0,0,0,CWE-89
BenchmarkTest02271.java,0,CWE-89,,,0,0,1,0,
BenchmarkTest02272.java,1,CWE-89,CWE-89,1,1,0,0,0,CWE-89
BenchmarkTest02273.java,1,CWE-89,CWE-89,1,1,0,0,0,CWE-89
BenchmarkTest02274.java,0,CWE-89,CWE-89,1,0,1,0,0,CWE-89
BenchmarkTest02275.java,1,CWE-89,CWE-89,1,1,0,0,0,CWE-89
BenchmarkTest02276.java,0,CWE-89,,,0,0,1,0,
BenchmarkTest02277.java,1,CWE-89,CWE-89,1,1,0,0,0,CWE-89
BenchmarkTest02278.java,0,CWE-89,CWE-89,1,0,1,0,0,CWE-89
BenchmarkTest02279.java,0,CWE-89,,,0,0,1,0,
BenchmarkTest02280.java,0,CWE-89,CWE-89,1,0,1,0,0,CWE-89
BenchmarkTest02281.java,1,CWE-89,CWE-89,1,1,0,0,0,CWE-89
BenchmarkTest02282.java,0,CWE-89,,,0,0,1,0,
BenchmarkTest02283.java,0,CWE-89,CWE-89,1,0,1,0,0,CWE-89
BenchmarkTest02284.java,1,CWE-89,CWE-89,1,1,0,0,0,CWE-89
BenchmarkTest02285.java,0,CWE-89,,,0,0,1,0,
BenchmarkTest02286.java,1,CWE-89,CWE-89,1,1,0,0,0,CWE-89
BenchmarkTest02287.java,1,CWE-89,CWE-89,1,1,0,0,0,CWE-89
BenchmarkTest02288.java,1,CWE-89,CWE-89,1,1,0,0,0,CWE-89
BenchmarkTest02289.java,0,CWE-327,,,0,0,1,0,CWE-209
BenchmarkTest02290.java,1,CWE-327,CWE-327,1,1,0,0,0,"CWE-209,CWE-327"
BenchmarkTest02291.java,1,CWE-327,CWE-327,1,1,0,0,0,"CWE-209,CWE-327"
BenchmarkTest02292.java,1,CWE-327,CWE-327,1,1,0,0,0,"CWE-209,CWE-327"
BenchmarkTest02293.java,1,CWE-327,CWE-327,1,1,0,0,0,"CWE-209,CWE-327"
BenchmarkTest02294.java,1,CWE-327,CWE-327,1,1,0,0,0,"CWE-209,CWE-327"
BenchmarkTest02295.java,1,CWE-327,CWE-327,1,1,0,0,0,"CWE-209,CWE-327"
BenchmarkTest02296.java,0,CWE-327,,,0,0,1,0,CWE-209
BenchmarkTest02297.java,0,CWE-327,,,0,0,1,0,CWE-209
BenchmarkTest02298.java,0,CWE-327,,,0,0,1,0,CWE-209
BenchmarkTest02299.java,1,CWE-90,CWE-90,1,1,0,0,0,"CWE-79,CWE-90"
BenchmarkTest02300.java,0,CWE-22,,,0,0,1,0,
BenchmarkTest02301.java,0,CWE-22,CWE-23,0,0,1,0,0,CWE-23
BenchmarkTest02302.java,1,CWE-22,CWE-23,0,1,0,0,0,CWE-23
BenchmarkTest02303.java,1,CWE-22,CWE-23,0,1,0,0,0,CWE-23
BenchmarkTest02304.java,1,CWE-22,CWE-23,0,1,0,0,0,CWE-23
BenchmarkTest02305.java,1,CWE-90,CWE-90,1,1,0,0,0,"CWE-79,CWE-90"
BenchmarkTest02306.java,1,CWE-90,CWE-90,1,1,0,0,0,"CWE-79,CWE-90"
BenchmarkTest02307.java,1,CWE-328,CWE-916,0,1,0,0,0,CWE-916
BenchmarkTest02308.java,1,CWE-328,CWE-916,0,1,0,0,0,CWE-916
BenchmarkTest02309.java,0,CWE-328,,,0,0,1,0,
BenchmarkTest02310.java,0,CWE-328,,,0,0,1,0,
BenchmarkTest02311.java,1,CWE-328,CWE-916,0,1,0,0,0,CWE-916
BenchmarkTest02312.java,0,CWE-328,,,0,0,1,0,
BenchmarkTest02313.java,0,CWE-79,,,0,0,1,0,
BenchmarkTest02314.java,1,CWE-79,CWE-79,1,1,0,0,0,CWE-79
BenchmarkTest02315.java,1,CWE-79,CWE-79,1,1,0,0,0,CWE-79
BenchmarkTest02316.java,1,CWE-79,CWE-79,1,1,0,0,0,CWE-79
BenchmarkTest02317.java,1,CWE-79,CWE-79,1,1,0,0,0,CWE-79
BenchmarkTest02318.java,0,CWE-79,,,0,0,1,0,
BenchmarkTest02319.java,0,CWE-79,,,0,0,1,0,
BenchmarkTest02320.java,0,CWE-79,,,0,0,1,0,
BenchmarkTest02321.java,1,CWE-79,CWE-79,1,1,0,0,0,CWE-79
BenchmarkTest02322.java,1,CWE-79,CWE-79,1,1,0,0,0,CWE-79
BenchmarkTest02323.java,1,CWE-79,CWE-79,1,1,0,0,0,CWE-79
BenchmarkTest02324.java,1,CWE-79,CWE-79,1,1,0,0,0,CWE-79
BenchmarkTest02325.java,0,CWE-79,,,0,0,1,0,
BenchmarkTest02326.java,1,CWE-79,CWE-79,1,1,0,0,0,CWE-79
BenchmarkTest02327.java,1,CWE-79,CWE-79,1,1,0,0,0,CWE-79
BenchmarkTest02328.java,1,CWE-79,CWE-79,1,1,0,0,0,CWE-79
BenchmarkTest02329.java,0,CWE-79,,,0,0,1,0,
BenchmarkTest02330.java,0,CWE-79,,,0,0,1,0,
BenchmarkTest02331.java,0,CWE-79,,,0,0,1,0,
BenchmarkTest02332.java,1,CWE-79,CWE-79,1,1,0,0,0,CWE-79
BenchmarkTest02333.java,1,CWE-78,CWE-78,1,1,0,0,0,CWE-78
BenchmarkTest02334.java,1,CWE-78,CWE-78,1,1,0,0,0,CWE-78
BenchmarkTest02335.java,0,CWE-78,CWE-78,1,0,1,0,0,CWE-78
BenchmarkTest02336.java,0,CWE-78,,,0,0,1,0,
BenchmarkTest02337.java,1,CWE-330,CWE-330,1,1,0,0,0,"CWE-330,CWE-798"
BenchmarkTest02338.java,1,CWE-330,CWE-330,1,1,0,0,0,"CWE-330,CWE-798"
BenchmarkTest02339.java,1,CWE-614,CWE-614,1,1,0,0,0,"CWE-113,CWE-614"
BenchmarkTest02340.java,0,CWE-78,CWE-78,1,0,1,0,0,CWE-78
BenchmarkTest02341.java,0,CWE-78,CWE-78,1,0,1,0,0,CWE-78
BenchmarkTest02342.java,1,CWE-78,CWE-78,1,1,0,0,0,CWE-78
BenchmarkTest02343.java,1,CWE-78,CWE-78,1,1,0,0,0,CWE-78
BenchmarkTest02344.java,1,CWE-78,CWE-78,1,1,0,0,0,CWE-78
BenchmarkTest02345.java,0,CWE-330,,,0,0,1,0,CWE-798
BenchmarkTest02346.java,0,CWE-330,,,0,0,1,0,CWE-798
BenchmarkTest02347.java,0,CWE-330,,,0,0,1,0,CWE-798
BenchmarkTest02348.java,0,CWE-330,,,0,0,1,0,CWE-798
BenchmarkTest02349.java,0,CWE-330,,,0,0,1,0,CWE-798
BenchmarkTest02350.java,0,CWE-330,,,0,0,1,0,CWE-798
BenchmarkTest02351.java,0,CWE-330,,,0,0,1,0,CWE-798
BenchmarkTest02353.java,0,CWE-89,,,0,0,1,0,
BenchmarkTest02354.java,1,CWE-89,CWE-89,1,1,0,0,0,CWE-89
BenchmarkTest02355.java,1,CWE-89,CWE-89,1,1,0,0,0,CWE-89
BenchmarkTest02356.java,1,CWE-89,CWE-89,1,1,0,0,0,CWE-89
BenchmarkTest02357.java,1,CWE-89,CWE-89,1,1,0,0,0,CWE-89
BenchmarkTest02358.java,1,CWE-89,CWE-89,1,1,0,0,0,CWE-89
BenchmarkTest02359.java,1,CWE-89,CWE-89,1,1,0,0,0,CWE-89
BenchmarkTest02360.java,1,CWE-89,CWE-89,1,1,0,0,0,CWE-89
BenchmarkTest02361.java,0,CWE-89,,,0,0,1,0,
BenchmarkTest02362.java,1,CWE-89,CWE-89,1,1,0,0,0,CWE-89
BenchmarkTest02363.java,0,CWE-89,,,0,0,1,0,
BenchmarkTest02364.java,1,CWE-89,CWE-89,1,1,0,0,0,CWE-89
BenchmarkTest02365.java,0,CWE-89,CWE-89,1,0,1,0,0,CWE-89
BenchmarkTest02366.java,0,CWE-89,,,0,0,1,0,
BenchmarkTest02367.java,0,CWE-89,,,0,0,1,0,
BenchmarkTest02368.java,0,CWE-89,,,0,0,1,0,
BenchmarkTest02369.java,1,CWE-89,CWE-89,1,1,0,0,0,CWE-89
BenchmarkTest02370.java,0,CWE-643,CWE-643,1,0,1,0,0,"CWE-643,CWE-79"
BenchmarkTest02371.java,0,CWE-327,,,0,0,1,0,CWE-209
BenchmarkTest02372.java,0,CWE-327,,,0,0,1,0,CWE-209
BenchmarkTest02373.java,1,CWE-327,CWE-327,1,1,0,0,0,"CWE-209,CWE-327"
BenchmarkTest02374.java,1,CWE-327,CWE-327,1,1,0,0,0,"CWE-209,CWE-327"
BenchmarkTest02375.java,1,CWE-327,CWE-327,1,1,0,0,0,"CWE-209,CWE-327"
BenchmarkTest02376.java,0,CWE-90,,,0,0,1,0,
BenchmarkTest02377.java,1,CWE-22,,,0,0,0,1,
BenchmarkTest02378.java,1,CWE-22,,,0,0,0,1,
BenchmarkTest02379.java,0,CWE-22,,,0,0,1,0,
BenchmarkTest02380.java,0,CWE-22,,,0,0,1,0,
BenchmarkTest02381.java,0,CWE-22,,,0,0,1,0,
BenchmarkTest02382.java,0,CWE-22,,,0,0,1,0,
BenchmarkTest02383.java,1,CWE-22,,,0,0,0,1,
BenchmarkTest02384.java,0,CWE-90,,,0,0,1,0,
BenchmarkTest02385.java,1,CWE-328,CWE-916,0,1,0,0,0,CWE-916
BenchmarkTest02386.java,1,CWE-328,CWE-916,0,1,0,0,0,CWE-916
BenchmarkTest02387.java,1,CWE-328,CWE-916,0,1,0,0,0,CWE-916
BenchmarkTest02388.java,1,CWE-328,CWE-916,0,1,0,0,0,CWE-916
BenchmarkTest02389.java,0,CWE-328,,,0,0,1,0,
BenchmarkTest02390.java,0,CWE-328,,,0,0,1,0,
BenchmarkTest02391.java,1,CWE-328,,,0,0,0,1,
BenchmarkTest02392.java,1,CWE-328,,,0,0,0,1,
BenchmarkTest02393.java,1,CWE-328,,,0,0,0,1,
BenchmarkTest02394.java,0,CWE-79,,,0,0,1,0,
BenchmarkTest02395.java,1,CWE-79,,,0,0,0,1,
BenchmarkTest02396.java,1,CWE-79,,,0,0,0,1,
BenchmarkTest02397.java,1,CWE-79,,,0,0,0,1,
BenchmarkTest02398.java,0,CWE-79,,,0,0,1,0,
BenchmarkTest02399.java,1,CWE-79,,,0,0,0,1,
BenchmarkTest02400.java,1,CWE-79,,,0,0,0,1,
BenchmarkTest02401.java,0,CWE-79,,,0,0,1,0,
BenchmarkTest02402.java,1,CWE-79,,,0,0,0,1,
BenchmarkTest02403.java,1,CWE-79,,,0,0,0,1,
BenchmarkTest02404.java,0,CWE-79,,,0,0,1,0,
BenchmarkTest02405.java,1,CWE-79,,,0,0,0,1,
BenchmarkTest02406.java,0,CWE-79,,,0,0,1,0,
BenchmarkTest02407.java,1,CWE-79,,,0,0,0,1,
BenchmarkTest02408.java,0,CWE-79,,,0,0,1,0,
BenchmarkTest02409.java,1,CWE-79,,,0,0,0,1,
BenchmarkTest02410.java,1,CWE-79,,,0,0,0,1,
BenchmarkTest02411.java,1,CWE-78,,,0,0,0,1,
BenchmarkTest02412.java,1,CWE-78,,,0,0,0,1,
BenchmarkTest02413.java,0,CWE-78,,,0,0,1,0,
BenchmarkTest02414.java,1,CWE-78,,,0,0,0,1,
BenchmarkTest02415.java,1,CWE-330,CWE-330,1,1,0,0,0,"CWE-330,CWE-798"
BenchmarkTest02416.java,1,CWE-330,CWE-330,1,1,0,0,0,"CWE-330,CWE-798"
BenchmarkTest02417.java,1,CWE-330,CWE-330,1,1,0,0,0,"CWE-330,CWE-798"
BenchmarkTest02418.java,1,CWE-330,CWE-330,1,1,0,0,0,"CWE-330,CWE-798"
BenchmarkTest02419.java,1,CWE-330,CWE-330,1,1,0,0,0,"CWE-330,CWE-798"
BenchmarkTest02420.java,1,CWE-330,CWE-330,1,1,0,0,0,"CWE-330,CWE-798"
BenchmarkTest02421.java,1,CWE-330,CWE-330,1,1,0,0,0,"CWE-330,CWE-798"
BenchmarkTest02422.java,1,CWE-330,CWE-330,1,1,0,0,0,"CWE-330,CWE-798"
BenchmarkTest02423.java,1,CWE-330,CWE-330,1,1,0,0,0,"CWE-330,CWE-798"
BenchmarkTest02424.java,1,CWE-330,CWE-330,1,1,0,0,0,"CWE-330,CWE-798"
BenchmarkTest02425.java,1,CWE-330,CWE-330,1,1,0,0,0,"CWE-330,CWE-798"
BenchmarkTest02426.java,1,CWE-330,CWE-330,1,1,0,0,0,"CWE-330,CWE-798"
BenchmarkTest02427.java,1,CWE-614,CWE-614,1,1,0,0,0,CWE-614
BenchmarkTest02428.java,0,CWE-78,,,0,0,1,0,
BenchmarkTest02429.java,1,CWE-78,,,0,0,0,1,
BenchmarkTest02430.java,1,CWE-78,,,0,0,0,1,
BenchmarkTest02431.java,1,CWE-78,,,0,0,0,1,
BenchmarkTest02432.java,1,CWE-78,,,0,0,0,1,
BenchmarkTest02433.java,1,CWE-78,,,0,0,0,1,
BenchmarkTest02434.java,0,CWE-330,,,0,0,1,0,CWE-798
BenchmarkTest02435.java,0,CWE-330,,,0,0,1,0,CWE-798
BenchmarkTest02436.java,0,CWE-330,,,0,0,1,0,CWE-798
BenchmarkTest02437.java,0,CWE-330,,,0,0,1,0,CWE-798
BenchmarkTest02438.java,0,CWE-330,,,0,0,1,0,CWE-798
BenchmarkTest02439.java,0,CWE-330,,,0,0,1,0,CWE-798
BenchmarkTest02440.java,0,CWE-330,,,0,0,1,0,CWE-798
BenchmarkTest02441.java,0,CWE-330,,,0,0,1,0,CWE-798
BenchmarkTest02442.java,0,CWE-330,,,0,0,1,0,CWE-798
BenchmarkTest02443.java,0,CWE-330,,,0,0,1,0,CWE-798
BenchmarkTest02444.java,0,CWE-330,,,0,0,1,0,CWE-798
BenchmarkTest02445.java,0,CWE-330,,,0,0,1,0,CWE-798
BenchmarkTest02449.java,1,CWE-89,,,0,0,0,1,
BenchmarkTest02450.java,0,CWE-89,,,0,0,1,0,
BenchmarkTest02451.java,1,CWE-89,,,0,0,0,1,
BenchmarkTest02452.java,0,CWE-89,,,0,0,1,0,
BenchmarkTest02453.java,1,CWE-89,,,0,0,0,1,
BenchmarkTest02454.java,1,CWE-89,,,0,0,0,1,
BenchmarkTest02455.java,1,CWE-89,,,0,0,0,1,
BenchmarkTest02456.java,0,CWE-89,,,0,0,1,0,
BenchmarkTest02457.java,0,CWE-643,,,0,0,1,0,
BenchmarkTest02458.java,1,CWE-327,CWE-327,1,1,0,0,0,"CWE-209,CWE-327"
BenchmarkTest02459.java,0,CWE-327,,,0,0,1,0,CWE-209
BenchmarkTest02460.java,0,CWE-327,,,0,0,1,0,CWE-209
BenchmarkTest02461.java,0,CWE-327,,,0,0,1,0,CWE-209
BenchmarkTest02462.java,0,CWE-22,CWE-23,0,0,1,0,0,CWE-23
BenchmarkTest02463.java,1,CWE-22,CWE-23,0,1,0,0,0,CWE-23
BenchmarkTest02464.java,0,CWE-22,CWE-23,0,0,1,0,0,CWE-23
BenchmarkTest02465.java,1,CWE-22,CWE-23,0,1,0,0,0,CWE-23
BenchmarkTest02466.java,1,CWE-22,CWE-23,0,1,0,0,0,CWE-23
BenchmarkTest02467.java,0,CWE-22,,,0,0,1,0,
BenchmarkTest02468.java,0,CWE-22,CWE-23,0,0,1,0,0,CWE-23
BenchmarkTest02469.java,1,CWE-22,CWE-23,0,1,0,0,0,CWE-23
BenchmarkTest02470.java,0,CWE-22,,,0,0,1,0,
BenchmarkTest02471.java,0,CWE-22,,,0,0,1,0,
BenchmarkTest02472.java,1,CWE-90,CWE-90,1,1,0,0,0,"CWE-79,CWE-90"
BenchmarkTest02473.java,1,CWE-330,CWE-330,1,1,0,0,0,"CWE-330,CWE-798"
BenchmarkTest02474.java,1,CWE-328,CWE-916,0,1,0,0,0,CWE-916
BenchmarkTest02475.java,1,CWE-328,CWE-916,0,1,0,0,0,CWE-916
BenchmarkTest02476.java,1,CWE-328,CWE-916,0,1,0,0,0,CWE-916
BenchmarkTest02477.java,0,CWE-328,,,0,0,1,0,
BenchmarkTest02478.java,1,CWE-328,,,0,0,0,1,
BenchmarkTest02479.java,0,CWE-328,,,0,0,1,0,
BenchmarkTest02480.java,1,CWE-79,CWE-79,1,1,0,0,0,CWE-79
BenchmarkTest02481.java,0,CWE-79,CWE-79,1,0,1,0,0,CWE-79
BenchmarkTest02482.java,0,CWE-79,CWE-79,1,0,1,0,0,CWE-79
BenchmarkTest02483.java,1,CWE-79,CWE-79,1,1,0,0,0,CWE-79
BenchmarkTest02484.java,0,CWE-79,CWE-79,1,0,1,0,0,CWE-79
BenchmarkTest02485.java,0,CWE-79,CWE-79,1,0,1,0,0,CWE-79
BenchmarkTest02486.java,1,CWE-79,CWE-79,1,1,0,0,0,CWE-79
BenchmarkTest02487.java,1,CWE-79,CWE-79,1,1,0,0,0,CWE-79
BenchmarkTest02488.java,0,CWE-79,,,0,0,1,0,
BenchmarkTest02489.java,1,CWE-79,CWE-79,1,1,0,0,0,"CWE-134,CWE-79"
BenchmarkTest02490.java,0,CWE-79,,,0,0,1,0,
BenchmarkTest02491.java,0,CWE-79,,,0,0,1,0,
BenchmarkTest02492.java,0,CWE-79,,,0,0,1,0,
BenchmarkTest02493.java,1,CWE-79,CWE-79,1,1,0,0,0,CWE-79
BenchmarkTest02494.java,1,CWE-79,CWE-79,1,1,0,0,0,CWE-79
BenchmarkTest02495.java,0,CWE-79,CWE-79,1,0,1,0,0,CWE-79
BenchmarkTest02496.java,1,CWE-78,CWE-78,1,1,0,0,0,CWE-78
BenchmarkTest02497.java,1,CWE-330,CWE-330,1,1,0,0,0,"CWE-330,CWE-798"
BenchmarkTest02498.java,1,CWE-330,CWE-330,1,1,0,0,0,"CWE-330,CWE-798"
BenchmarkTest02499.java,1,CWE-330,CWE-330,1,1,0,0,0,"CWE-330,CWE-798"
BenchmarkTest02500.java,1,CWE-330,CWE-330,1,1,0,0,0,"CWE-330,CWE-798"
BenchmarkTest02501.java,1,CWE-330,CWE-330,1,1,0,0,0,"CWE-330,CWE-798"
BenchmarkTest02502.java,1,CWE-330,CWE-330,1,1,0,0,0,"CWE-330,CWE-798"
BenchmarkTest02503.java,1,CWE-330,CWE-330,1,1,0,0,0,"CWE-330,CWE-798"
BenchmarkTest02504.java,1,CWE-330,CWE-330,1,1,0,0,0,"CWE-330,CWE-798"
BenchmarkTest02505.java,1,CWE-330,CWE-330,1,1,0,0,0,"CWE-330,CWE-798"
BenchmarkTest02506.java,1,CWE-330,CWE-330,1,1,0,0,0,"CWE-330,CWE-798"
BenchmarkTest02507.java,1,CWE-614,CWE-614,1,1,0,0,0,"CWE-113,CWE-614"
BenchmarkTest02508.java,0,CWE-614,,,0,0,1,0,CWE-113
BenchmarkTest02509.java,0,CWE-79,,,0,0,1,0,
BenchmarkTest02510.java,0,CWE-78,,,0,0,1,0,
BenchmarkTest02511.java,1,CWE-78,CWE-78,1,1,0,0,0,CWE-78
BenchmarkTest02512.java,1,CWE-78,CWE-78,1,1,0,0,0,CWE-78
BenchmarkTest02513.java,0,CWE-78,CWE-78,1,0,1,0,0,CWE-78
BenchmarkTest02514.java,1,CWE-78,CWE-78,1,1,0,0,0,CWE-78
BenchmarkTest02515.java,1,CWE-78,CWE-78,1,1,0,0,0,CWE-78
BenchmarkTest02516.java,1,CWE-78,CWE-78,1,1,0,0,0,CWE-78
BenchmarkTest02517.java,1,CWE-78,CWE-78,1,1,0,0,0,CWE-78
BenchmarkTest02518.java,0,CWE-78,CWE-78,1,0,1,0,0,CWE-78
BenchmarkTest02519.java,0,CWE-330,,,0,0,1,0,CWE-798
BenchmarkTest02520.java,0,CWE-330,,,0,0,1,0,CWE-798
BenchmarkTest02521.java,0,CWE-330,,,0,0,1,0,CWE-798
BenchmarkTest02522.java,0,CWE-330,,,0,0,1,0,CWE-798
BenchmarkTest02528.java,1,CWE-89,CWE-89,1,1,0,0,0,CWE-89
BenchmarkTest02529.java,0,CWE-89,CWE-89,1,0,1,0,0,CWE-89
BenchmarkTest02530.java,1,CWE-89,CWE-89,1,1,0,0,0,CWE-89
BenchmarkTest02531.java,1,CWE-89,CWE-89,1,1,0,0,0,CWE-89
BenchmarkTest02532.java,1,CWE-89,CWE-89,1,1,0,0,0,CWE-89
BenchmarkTest02533.java,1,CWE-89,CWE-89,1,1,0,0,0,CWE-89
BenchmarkTest02534.java,1,CWE-89,CWE-89,1,1,0,0,0,CWE-89
BenchmarkTest02535.java,1,CWE-89,CWE-89,1,1,0,0,0,CWE-89
BenchmarkTest02536.java,0,CWE-89,CWE-89,1,0,1,0,0,CWE-89
BenchmarkTest02537.java,1,CWE-89,CWE-89,1,1,0,0,0,CWE-89
BenchmarkTest02538.java,0,CWE-89,,,0,0,1,0,
BenchmarkTest02539.java,0,CWE-89,,,0,0,1,0,
BenchmarkTest02540.java,0,CWE-89,,,0,0,1,0,
BenchmarkTest02541.java,0,CWE-89,,,0,0,1,0,
BenchmarkTest02542.java,1,CWE-89,CWE-89,1,1,0,0,0,CWE-89
BenchmarkTest02543.java,1,CWE-89,CWE-89,1,1,0,0,0,CWE-89
BenchmarkTest02544.java,0,CWE-89,CWE-89,1,0,1,0,0,CWE-89
BenchmarkTest02545.java,1,CWE-89,CWE-89,1,1,0,0,0,CWE-89
BenchmarkTest02546.java,0,CWE-89,CWE-89,1,0,1,0,0,CWE-89
BenchmarkTest02547.java,0,CWE-327,,,0,0,1,0,CWE-209
BenchmarkTest02548.java,1,CWE-327,CWE-327,1,1,0,0,0,"CWE-209,CWE-327"
BenchmarkTest02549.java,1,CWE-327,CWE-327,1,1,0,0,0,"CWE-209,CWE-327"
BenchmarkTest02550.java,1,CWE-327,CWE-327,1,1,0,0,0,"CWE-209,CWE-327"
BenchmarkTest02551.java,0,CWE-327,,,0,0,1,0,CWE-209
BenchmarkTest02552.java,0,CWE-327,,,0,0,1,0,CWE-209
BenchmarkTest02553.java,0,CWE-90,CWE-90,1,0,1,0,0,"CWE-79,CWE-90"
BenchmarkTest02554.java,0,CWE-22,,,0,0,1,0,
BenchmarkTest02555.java,1,CWE-22,CWE-23,0,1,0,0,0,CWE-23
BenchmarkTest02556.java,1,CWE-22,CWE-23,0,1,0,0,0,CWE-23
BenchmarkTest02557.java,0,CWE-22,CWE-23,0,0,1,0,0,CWE-23
BenchmarkTest02558.java,0,CWE-22,,,0,0,1,0,
BenchmarkTest02559.java,1,CWE-22,CWE-23,0,1,0,0,0,CWE-23
BenchmarkTest02560.java,1,CWE-22,CWE-23,0,1,0,0,0,CWE-23
BenchmarkTest02561.java,1,CWE-22,CWE-23,0,1,0,0,0,CWE-23
BenchmarkTest02562.java,1,CWE-22,CWE-23,0,1,0,0,0,CWE-23
BenchmarkTest02563.java,0,CWE-22,,,0,0,1,0,
BenchmarkTest02564.java,1,CWE-22,CWE-23,0,1,0,0,0,CWE-23
BenchmarkTest02565.java,1,CWE-22,CWE-23,0,1,0,0,0,CWE-23
BenchmarkTest02566.java,0,CWE-22,CWE-23,0,0,1,0,0,CWE-23
BenchmarkTest02567.java,1,CWE-22,CWE-23,0,1,0,0,0,CWE-23
BenchmarkTest02568.java,0,CWE-22,CWE-23,0,0,1,0,0,CWE-23
BenchmarkTest02569.java,1,CWE-22,CWE-23,0,1,0,0,0,CWE-23
BenchmarkTest02570.java,0,CWE-22,CWE-23,0,0,1,0,0,CWE-23
BenchmarkTest02571.java,0,CWE-90,CWE-90,1,0,1,0,0,"CWE-79,CWE-90"
BenchmarkTest02572.java,0,CWE-90,CWE-90,1,0,1,0,0,"CWE-79,CWE-90"
BenchmarkTest02573.java,1,CWE-328,CWE-916,0,1,0,0,0,CWE-916
BenchmarkTest02574.java,1,CWE-328,CWE-916,0,1,0,0,0,CWE-916
BenchmarkTest02575.java,1,CWE-328,CWE-916,0,1,0,0,0,CWE-916
BenchmarkTest02576.java,0,CWE-328,,,0,0,1,0,
BenchmarkTest02577.java,1,CWE-328,,,0,0,0,1,
BenchmarkTest02578.java,1,CWE-79,CWE-79,1,1,0,0,0,CWE-79
BenchmarkTest02579.java,1,CWE-79,CWE-79,1,1,0,0,0,CWE-79
BenchmarkTest02580.java,1,CWE-79,CWE-79,1,1,0,0,0,CWE-79
BenchmarkTest02581.java,0,CWE-79,,,0,0,1,0,
BenchmarkTest02582.java,1,CWE-79,CWE-79,1,1,0,0,0,CWE-79
BenchmarkTest02583.java,1,CWE-79,CWE-79,1,1,0,0,0,CWE-79
BenchmarkTest02584.java,1,CWE-79,CWE-79,1,1,0,0,0,CWE-79
BenchmarkTest02585.java,1,CWE-79,CWE-79,1,1,0,0,0,CWE-79
BenchmarkTest02586.java,1,CWE-79,CWE-79,1,1,0,0,0,CWE-79
BenchmarkTest02587.java,1,CWE-79,CWE-79,1,1,0,0,0,CWE-79
BenchmarkTest02588.java,1,CWE-79,CWE-79,1,1,0,0,0,CWE-79
BenchmarkTest02589.java,0,CWE-79,CWE-79,1,0,1,0,0,CWE-79
BenchmarkTest02590.java,0,CWE-79,CWE-79,1,0,1,0,0,CWE-79
BenchmarkTest02591.java,1,CWE-79,CWE-79,1,1,0,0,0,CWE-79
BenchmarkTest02592.java,1,CWE-79,CWE-79,1,1,0,0,0,CWE-79
BenchmarkTest02593.java,0,CWE-79,,,0,0,1,0,
BenchmarkTest02594.java,0,CWE-79,,,0,0,1,0,
BenchmarkTest02595.java,1,CWE-79,CWE-79,1,1,0,0,0,CWE-79
BenchmarkTest02596.java,0,CWE-79,,,0,0,1,0,
BenchmarkTest02597.java,1,CWE-79,CWE-79,1,1,0,0,0,CWE-79
BenchmarkTest02598.java,1,CWE-79,CWE-79,1,1,0,0,0,CWE-79
BenchmarkTest02599.java,0,CWE-79,,,0,0,1,0,
BenchmarkTest02600.java,1,CWE-79,CWE-79,1,1,0,0,0,CWE-79
BenchmarkTest02601.java,0,CWE-79,,,0,0,1,0,
BenchmarkTest02602.java,1,CWE-330,CWE-330,1,1,0,0,0,"CWE-330,CWE-798"
BenchmarkTest02603.java,1,CWE-330,CWE-330,1,1,0,0,0,"CWE-330,CWE-798"
BenchmarkTest02604.java,1,CWE-330,CWE-330,1,1,0,0,0,"CWE-330,CWE-798"
BenchmarkTest02605.java,1,CWE-330,CWE-330,1,1,0,0,0,"CWE-330,CWE-798"
BenchmarkTest02606.java,1,CWE-330,CWE-330,1,1,0,0,0,"CWE-330,CWE-798"
BenchmarkTest02607.java,0,CWE-614,,,0,0,1,0,CWE-113
BenchmarkTest02608.java,1,CWE-79,CWE-79,1,1,0,0,0,CWE-79
BenchmarkTest02609.java,0,CWE-79,,,0,0,1,0,
BenchmarkTest02610.java,0,CWE-78,CWE-78,1,0,1,0,0,CWE-78
BenchmarkTest02611.java,1,CWE-78,CWE-78,1,1,0,0,0,CWE-78
BenchmarkTest02612.java,1,CWE-78,CWE-78,1,1,0,0,0,CWE-78
BenchmarkTest02613.java,1,CWE-78,CWE-78,1,1,0,0,0,CWE-78
BenchmarkTest02614.java,0,CWE-330,,,0,0,1,0,CWE-798
BenchmarkTest02615.java,0,CWE-330,,,0,0,1,0,CWE-798
BenchmarkTest02616.java,0,CWE-330,,,0,0,1,0,CWE-798
BenchmarkTest02617.java,0,CWE-330,,,0,0,1,0,CWE-798
BenchmarkTest02618.java,0,CWE-330,,,0,0,1,0,CWE-798
BenchmarkTest02619.java,0,CWE-330,,,0,0,1,0,CWE-798
BenchmarkTest02620.java,0,CWE-330,,,0,0,1,0,CWE-798
BenchmarkTest02621.java,0,CWE-330,,,0,0,1,0,CWE-798
BenchmarkTest02625.java,1,CWE-89,CWE-89,1,1,0,0,0,CWE-89
BenchmarkTest02626.java,0,CWE-89,,,0,0,1,0,
BenchmarkTest02627.java,1,CWE-89,CWE-89,1,1,0,0,0,CWE-89
BenchmarkTest02628.java,1,CWE-89,CWE-89,1,1,0,0,0,CWE-89
BenchmarkTest02629.java,0,CWE-89,CWE-89,1,0,1,0,0,CWE-89
BenchmarkTest02630.java,1,CWE-89,CWE-89,1,1,0,0,0,CWE-89
BenchmarkTest02631.java,0,CWE-89,,,0,0,1,0,
BenchmarkTest02632.java,1,CWE-89,CWE-89,1,1,0,0,0,CWE-89
BenchmarkTest02633.java,0,CWE-89,,,0,0,1,0,
BenchmarkTest02634.java,0,CWE-89,CWE-89,1,0,1,0,0,CWE-89
BenchmarkTest02635.java,1,CWE-89,CWE-89,1,1,0,0,0,CWE-89
BenchmarkTest02636.java,0,CWE-89,CWE-89,1,0,1,0,0,CWE-89
BenchmarkTest02637.java,0,CWE-89,,,0,0,1,0,
BenchmarkTest02638.java,1,CWE-89,CWE-89,1,1,0,0,0,CWE-89
BenchmarkTest02639.java,0,CWE-89,,,0,0,1,0,
BenchmarkTest02640.java,0,CWE-89,CWE-89,1,0,1,0,0,CWE-89
BenchmarkTest02641.java,1,CWE-89,CWE-89,1,1,0,0,0,CWE-89
BenchmarkTest02642.java,1,CWE-89,CWE-89,1,1,0,0,0,CWE-89
BenchmarkTest02643.java,1,CWE-89,CWE-89,1,1,0,0,0,CWE-89
BenchmarkTest02644.java,1,CWE-89,CWE-89,1,1,0,0,0,CWE-89
BenchmarkTest02645.java,1,CWE-89,CWE-89,1,1,0,0,0,CWE-89
BenchmarkTest02646.java,1,CWE-89,CWE-89,1,1,0,0,0,CWE-89
BenchmarkTest02647.java,1,CWE-89,CWE-89,1,1,0,0,0,CWE-89
BenchmarkTest02648.java,0,CWE-89,CWE-89,1,0,1,0,0,CWE-89
BenchmarkTest02649.java,1,CWE-89,CWE-89,1,1,0,0,0,CWE-89
BenchmarkTest02650.java,1,CWE-89,CWE-89,1,1,0,0,0,CWE-89
BenchmarkTest02651.java,1,CWE-89,CWE-89,1,1,0,0,0,CWE-89
BenchmarkTest02652.java,0,CWE-89,,,0,0,1,0,
BenchmarkTest02653.java,1,CWE-89,CWE-89,1,1,0,0,0,CWE-89
BenchmarkTest02654.java,1,CWE-89,CWE-89,1,1,0,0,0,CWE-89
BenchmarkTest02655.java,1,CWE-89,CWE-89,1,1,0,0,0,CWE-89
BenchmarkTest02656.java,1,CWE-89,CWE-89,1,1,0,0,0,CWE-89
BenchmarkTest02657.java,0,CWE-89,,,0,0,1,0,
BenchmarkTest02658.java,1,CWE-327,CWE-327,1,1,0,0,0,"CWE-209,CWE-327"
BenchmarkTest02659.java,0,CWE-327,,,0,0,1,0,CWE-209
BenchmarkTest02660.java,1,CWE-327,CWE-327,1,1,0,0,0,"CWE-209,CWE-327"
BenchmarkTest02661.java,1,CWE-327,CWE-327,1,1,0,0,0,"CWE-209,CWE-327"
BenchmarkTest02662.java,0,CWE-327,,,0,0,1,0,CWE-209
BenchmarkTest02663.java,1,CWE-327,CWE-327,1,1,0,0,0,"CWE-209,CWE-327"
BenchmarkTest02664.java,0,CWE-22,,,0,0,1,0,
BenchmarkTest02665.java,0,CWE-22,,,0,0,1,0,
BenchmarkTest02666.java,0,CWE-22,,,0,0,1,0,
BenchmarkTest02667.java,0,CWE-22,,,0,0,1,0,
BenchmarkTest02668.java,0,CWE-22,,,0,0,1,0,
BenchmarkTest02669.java,0,CWE-22,,,0,0,1,0,
BenchmarkTest02670.java,1,CWE-328,CWE-916,0,1,0,0,0,CWE-916
BenchmarkTest02671.java,1,CWE-328,CWE-916,0,1,0,0,0,CWE-916
BenchmarkTest02672.java,0,CWE-328,,,0,0,1,0,
BenchmarkTest02673.java,0,CWE-328,,,0,0,1,0,
BenchmarkTest02674.java,1,CWE-328,CWE-916,0,1,0,0,0,CWE-916
BenchmarkTest02675.java,1,CWE-328,CWE-916,0,1,0,0,0,CWE-916
BenchmarkTest02676.java,0,CWE-328,,,0,0,1,0,
BenchmarkTest02677.java,1,CWE-328,,,0,0,0,1,
BenchmarkTest02678.java,0,CWE-328,,,0,0,1,0,
BenchmarkTest02679.java,0,CWE-79,,,0,0,1,0,
BenchmarkTest02680.java,0,CWE-79,,,0,0,1,0,
BenchmarkTest02681.java,0,CWE-79,,,0,0,1,0,
BenchmarkTest02682.java,0,CWE-79,,,0,0,1,0,
BenchmarkTest02683.java,0,CWE-79,,,0,0,1,0,
BenchmarkTest02684.java,0,CWE-79,,,0,0,1,0,
BenchmarkTest02685.java,0,CWE-79,,,0,0,1,0,
BenchmarkTest02686.java,0,CWE-79,,,0,0,1,0,
BenchmarkTest02687.java,0,CWE-79,,,0,0,1,0,
BenchmarkTest02688.java,0,CWE-79,,,0,0,1,0,
BenchmarkTest02689.java,0,CWE-79,,,0,0,1,0,
BenchmarkTest02690.java,0,CWE-79,,,0,0,1,0,
BenchmarkTest02691.java,0,CWE-79,,,0,0,1,0,
BenchmarkTest02692.java,0,CWE-79,,,0,0,1,0,
BenchmarkTest02693.java,0,CWE-79,,,0,0,1,0,
BenchmarkTest02694.java,0,CWE-79,,,0,0,1,0,
BenchmarkTest02695.java,0,CWE-79,,,0,0,1,0,
BenchmarkTest02696.java,0,CWE-79,,,0,0,1,0,
BenchmarkTest02697.java,0,CWE-78,,,0,0,1,0,
BenchmarkTest02698.java,0,CWE-78,,,0,0,1,0,
BenchmarkTest02699.java,0,CWE-78,,,0,0,1,0,
BenchmarkTest02700.java,1,CWE-330,CWE-330,1,1,0,0,0,"CWE-330,CWE-798"
BenchmarkTest02701.java,1,CWE-330,CWE-330,1,1,0,0,0,"CWE-330,CWE-798"
BenchmarkTest02702.java,1,CWE-330,CWE-330,1,1,0,0,0,"CWE-330,CWE-798"
BenchmarkTest02703.java,1,CWE-330,CWE-330,1,1,0,0,0,"CWE-330,CWE-798"
BenchmarkTest02704.java,1,CWE-330,CWE-330,1,1,0,0,0,"CWE-330,CWE-798"
BenchmarkTest02705.java,1,CWE-330,CWE-330,1,1,0,0,0,"CWE-330,CWE-798"
BenchmarkTest02706.java,1,CWE-330,CWE-330,1,1,0,0,0,"CWE-330,CWE-798"
BenchmarkTest02707.java,1,CWE-330,CWE-330,1,1,0,0,0,"CWE-330,CWE-798"
BenchmarkTest02708.java,1,CWE-330,CWE-330,1,1,0,0,0,"CWE-330,CWE-798"
BenchmarkTest02709.java,1,CWE-614,CWE-614,1,1,0,0,0,CWE-614
BenchmarkTest02710.java,1,CWE-614,CWE-614,1,1,0,0,0,CWE-614
BenchmarkTest02711.java,0,CWE-614,,,0,0,1,0,
BenchmarkTest02712.java,0,CWE-79,,,0,0,1,0,
BenchmarkTest02713.java,0,CWE-78,,,0,0,1,0,
BenchmarkTest02714.java,0,CWE-78,,,0,0,1,0,
BenchmarkTest02715.java,0,CWE-330,,,0,0,1,0,CWE-798
BenchmarkTest02716.java,0,CWE-330,,,0,0,1,0,CWE-798
BenchmarkTest02717.java,0,CWE-330,,,0,0,1,0,CWE-798
BenchmarkTest02718.java,0,CWE-330,,,0,0,1,0,CWE-798
BenchmarkTest02719.java,0,CWE-330,,,0,0,1,0,CWE-798
BenchmarkTest02720.java,0,CWE-330,,,0,0,1,0,CWE-798
BenchmarkTest02721.java,0,CWE-330,,,0,0,1,0,CWE-798
BenchmarkTest02727.java,0,CWE-89,,,0,0,1,0,
BenchmarkTest02728.java,0,CWE-89,,,0,0,1,0,
BenchmarkTest02729.java,0,CWE-89,,,0,0,1,0,
BenchmarkTest02730.java,0,CWE-89,,,0,0,1,0,
BenchmarkTest02731.java,0,CWE-89,,,0,0,1,0,
BenchmarkTest02732.java,0,CWE-89,,,0,0,1,0,
BenchmarkTest02733.java,0,CWE-89,,,0,0,1,0,
BenchmarkTest02734.java,0,CWE-89,,,0,0,1,0,
BenchmarkTest02735.java,0,CWE-89,,,0,0,1,0,
BenchmarkTest02736.java,0,CWE-89,,,0,0,1,0,
BenchmarkTest02737.java,0,CWE-89,,,0,0,1,0,
BenchmarkTest02738.java,0,CWE-89,,,0,0,1,0,
BenchmarkTest02739.java,0,CWE-89,,,0,0,1,0,
BenchmarkTest02740.java,0,CWE-89,,,0,0,1,0,
